{
 "cells": [
  {
   "cell_type": "markdown",
   "metadata": {
    "toc": "true"
   },
   "source": [
    "# Table of Contents\n",
    " <p><div class=\"lev1 toc-item\"><a href=\"#OSMI-Mental-Health-In-Tech-Survey-2016-:-Inference-on-Cluster-Analysis\" data-toc-modified-id=\"OSMI-Mental-Health-In-Tech-Survey-2016-:-Inference-on-Cluster-Analysis-1\"><span class=\"toc-item-num\">1&nbsp;&nbsp;</span>OSMI Mental Health In Tech Survey 2016 : Inference on Cluster Analysis</a></div><div class=\"lev1 toc-item\"><a href=\"#Recap\" data-toc-modified-id=\"Recap-2\"><span class=\"toc-item-num\">2&nbsp;&nbsp;</span>Recap</a></div><div class=\"lev1 toc-item\"><a href=\"#Model-Study\" data-toc-modified-id=\"Model-Study-3\"><span class=\"toc-item-num\">3&nbsp;&nbsp;</span>Model Study</a></div><div class=\"lev2 toc-item\"><a href=\"#Class-Descriptions\" data-toc-modified-id=\"Class-Descriptions-3.1\"><span class=\"toc-item-num\">3.1&nbsp;&nbsp;</span>Class Descriptions</a></div><div class=\"lev1 toc-item\"><a href=\"#Relationship-of-Clusters-with-Demographics\" data-toc-modified-id=\"Relationship-of-Clusters-with-Demographics-4\"><span class=\"toc-item-num\">4&nbsp;&nbsp;</span>Relationship of Clusters with Demographics</a></div><div class=\"lev2 toc-item\"><a href=\"#Simple-Modeling\" data-toc-modified-id=\"Simple-Modeling-4.1\"><span class=\"toc-item-num\">4.1&nbsp;&nbsp;</span>Simple Modeling</a></div><div class=\"lev2 toc-item\"><a href=\"#Inference-and-Preditions\" data-toc-modified-id=\"Inference-and-Preditions-4.2\"><span class=\"toc-item-num\">4.2&nbsp;&nbsp;</span>Inference and Preditions</a></div><div class=\"lev3 toc-item\"><a href=\"#Location-Effect\" data-toc-modified-id=\"Location-Effect-4.2.1\"><span class=\"toc-item-num\">4.2.1&nbsp;&nbsp;</span>Location Effect</a></div><div class=\"lev3 toc-item\"><a href=\"#Age-and-Diagnosis-Effect\" data-toc-modified-id=\"Age-and-Diagnosis-Effect-4.2.2\"><span class=\"toc-item-num\">4.2.2&nbsp;&nbsp;</span>Age and Diagnosis Effect</a></div><div class=\"lev3 toc-item\"><a href=\"#Company-Size\" data-toc-modified-id=\"Company-Size-4.2.3\"><span class=\"toc-item-num\">4.2.3&nbsp;&nbsp;</span>Company Size</a></div><div class=\"lev3 toc-item\"><a href=\"#Gender\" data-toc-modified-id=\"Gender-4.2.4\"><span class=\"toc-item-num\">4.2.4&nbsp;&nbsp;</span>Gender</a></div><div class=\"lev3 toc-item\"><a href=\"#Point-Predictions\" data-toc-modified-id=\"Point-Predictions-4.2.5\"><span class=\"toc-item-num\">4.2.5&nbsp;&nbsp;</span>Point Predictions</a></div>"
   ]
  },
  {
   "cell_type": "markdown",
   "metadata": {},
   "source": [
    "# OSMI Mental Health In Tech Survey 2016 : Inference on Cluster Analysis\n",
    "\n",
    "_By [Michael Rosenberg](mmrosenb@andrew.cmu.edu)._"
   ]
  },
  {
   "cell_type": "code",
   "execution_count": 2,
   "metadata": {
    "collapsed": false
   },
   "outputs": [],
   "source": [
    "#imports\n",
    "library(poLCA)\n",
    "library(nnet)\n",
    "library(tree)\n",
    "\n",
    "#constants\n",
    "sigLev = 3\n",
    "percentMul = 100\n",
    "options(warn=-1)"
   ]
  },
  {
   "cell_type": "code",
   "execution_count": 3,
   "metadata": {
    "collapsed": true
   },
   "outputs": [],
   "source": [
    "#load in data\n",
    "inferenceFrame = read.csv(\"../../data/processed/clusterData_inference.csv\")\n",
    "finalMod.lcm = readRDS(\"../../models/finalClusterModel.rds\")"
   ]
  },
  {
   "cell_type": "markdown",
   "metadata": {},
   "source": [
    "# Recap"
   ]
  },
  {
   "cell_type": "markdown",
   "metadata": {},
   "source": [
    "In our [previous step](clusterAnalysis_modelSelection.ipynb),  we selected our final cluster model using a $5$-fold cross-validation procedure on log-likelihood. This left us with a latent class model with $3$ classes over several variables that define perception of mental health support in the workplace."
   ]
  },
  {
   "cell_type": "markdown",
   "metadata": {},
   "source": [
    "# Model Study"
   ]
  },
  {
   "cell_type": "code",
   "execution_count": 4,
   "metadata": {
    "collapsed": false
   },
   "outputs": [
    {
     "data": {
      "text/html": [
       "<table>\n",
       "<thead><tr><th scope=col>class</th><th scope=col>prior</th></tr></thead>\n",
       "<tbody>\n",
       "\t<tr><td>Class 1</td><td>0.261  </td></tr>\n",
       "\t<tr><td>Class 2</td><td>0.243  </td></tr>\n",
       "\t<tr><td>Class 3</td><td>0.496  </td></tr>\n",
       "</tbody>\n",
       "</table>\n"
      ],
      "text/latex": [
       "\\begin{tabular}{r|ll}\n",
       " class & prior\\\\\n",
       "\\hline\n",
       "\t Class 1 & 0.261  \\\\\n",
       "\t Class 2 & 0.243  \\\\\n",
       "\t Class 3 & 0.496  \\\\\n",
       "\\end{tabular}\n"
      ],
      "text/markdown": [
       "\n",
       "class | prior | \n",
       "|---|---|---|\n",
       "| Class 1 | 0.261   | \n",
       "| Class 2 | 0.243   | \n",
       "| Class 3 | 0.496   | \n",
       "\n",
       "\n"
      ],
      "text/plain": [
       "  class   prior\n",
       "1 Class 1 0.261\n",
       "2 Class 2 0.243\n",
       "3 Class 3 0.496"
      ]
     },
     "metadata": {},
     "output_type": "display_data"
    }
   ],
   "source": [
    "priorFrame = data.frame(class = c(\"Class 1\",\"Class 2\",\"Class 3\"),\n",
    "                        prior = signif(finalMod.lcm$P,sigLev))\n",
    "priorFrame"
   ]
  },
  {
   "cell_type": "markdown",
   "metadata": {},
   "source": [
    "_Table 1: Our prior distribution over our classes._\n",
    "\n",
    "We see that Class $3$ is more frequent than the other two, and Class $2$ is the least frequent of the three in our estimates. That being said, these classes are rather close together in prior, which suggests that we have relatively balanced classes."
   ]
  },
  {
   "cell_type": "code",
   "execution_count": 7,
   "metadata": {
    "collapsed": false
   },
   "outputs": [],
   "source": [
    "displayTable <- function(givenMod,varName){\n",
    "    #helper for producing table\n",
    "    #first, get discrete encoding\n",
    "    dEncodeFilename = paste0(\"../../data/preprocessed/discreteEncodings/\",\n",
    "                             varName,\".csv\")\n",
    "    dEncodeFrame = read.csv(dEncodeFilename)\n",
    "    #get levels\n",
    "    dEncodeLevels = dEncodeFrame$level\n",
    "    givenModTable = givenMod$probs[[varName]]\n",
    "    givenModTable = signif(givenModTable,sigLev)\n",
    "    colnames(givenModTable) = dEncodeLevels\n",
    "    #then export\n",
    "    return(givenModTable)\n",
    "}"
   ]
  },
  {
   "cell_type": "code",
   "execution_count": 8,
   "metadata": {
    "collapsed": false
   },
   "outputs": [
    {
     "data": {
      "text/html": [
       "<dl>\n",
       "\t<dt>$empPrimTech</dt>\n",
       "\t\t<dd><table>\n",
       "<thead><tr><th></th><th scope=col>Pr(1)</th><th scope=col>Pr(2)</th></tr></thead>\n",
       "<tbody>\n",
       "\t<tr><th scope=row>class 1: </th><td>0.8124234</td><td>0.1875766</td></tr>\n",
       "\t<tr><th scope=row>class 2: </th><td>0.7408225</td><td>0.2591775</td></tr>\n",
       "\t<tr><th scope=row>class 3: </th><td>0.7190431</td><td>0.2809569</td></tr>\n",
       "</tbody>\n",
       "</table>\n",
       "</dd>\n",
       "\t<dt>$empProvideMHB</dt>\n",
       "\t\t<dd><table>\n",
       "<thead><tr><th></th><th scope=col>Pr(1)</th><th scope=col>Pr(2)</th><th scope=col>Pr(3)</th><th scope=col>Pr(4)</th></tr></thead>\n",
       "<tbody>\n",
       "\t<tr><th scope=row>class 1: </th><td>0.137599956</td><td>0.27236251 </td><td>0.1170898  </td><td>0.4729477  </td></tr>\n",
       "\t<tr><th scope=row>class 2: </th><td>0.006397177</td><td>0.01619933 </td><td>0.8529976  </td><td>0.1244059  </td></tr>\n",
       "\t<tr><th scope=row>class 3: </th><td>0.061740091</td><td>0.25700101 </td><td>0.4349935  </td><td>0.2462654  </td></tr>\n",
       "</tbody>\n",
       "</table>\n",
       "</dd>\n",
       "\t<dt>$knowMHB</dt>\n",
       "\t\t<dd><table>\n",
       "<thead><tr><th></th><th scope=col>Pr(1)</th><th scope=col>Pr(2)</th><th scope=col>Pr(3)</th><th scope=col>Pr(4)</th></tr></thead>\n",
       "<tbody>\n",
       "\t<tr><th scope=row>class 1: </th><td>2.277479e-01</td><td>0.01003213  </td><td>0.3939088   </td><td>0.3683111   </td></tr>\n",
       "\t<tr><th scope=row>class 2: </th><td>1.627407e-27</td><td>0.57900669  </td><td>0.2904521   </td><td>0.1305412   </td></tr>\n",
       "\t<tr><th scope=row>class 3: </th><td>1.054428e-01</td><td>0.24914881  </td><td>0.2697361   </td><td>0.3756722   </td></tr>\n",
       "</tbody>\n",
       "</table>\n",
       "</dd>\n",
       "\t<dt>$empDiscMH</dt>\n",
       "\t\t<dd><table>\n",
       "<thead><tr><th></th><th scope=col>Pr(1)</th><th scope=col>Pr(2)</th><th scope=col>Pr(3)</th></tr></thead>\n",
       "<tbody>\n",
       "\t<tr><th scope=row>class 1: </th><td>0.8053862 </td><td>0.1231868 </td><td>0.07142699</td></tr>\n",
       "\t<tr><th scope=row>class 2: </th><td>0.3984846 </td><td>0.4881748 </td><td>0.11334059</td></tr>\n",
       "\t<tr><th scope=row>class 3: </th><td>0.8307802 </td><td>0.1075336 </td><td>0.06168621</td></tr>\n",
       "</tbody>\n",
       "</table>\n",
       "</dd>\n",
       "\t<dt>$empResourceMH</dt>\n",
       "\t\t<dd><table>\n",
       "<thead><tr><th></th><th scope=col>Pr(1)</th><th scope=col>Pr(2)</th><th scope=col>Pr(3)</th></tr></thead>\n",
       "<tbody>\n",
       "\t<tr><th scope=row>class 1: </th><td>0.6012790 </td><td>0.07016766</td><td>0.3285533 </td></tr>\n",
       "\t<tr><th scope=row>class 2: </th><td>0.1504265 </td><td>0.64891991</td><td>0.2006536 </td></tr>\n",
       "\t<tr><th scope=row>class 3: </th><td>0.5882460 </td><td>0.19029178</td><td>0.2214622 </td></tr>\n",
       "</tbody>\n",
       "</table>\n",
       "</dd>\n",
       "\t<dt>$anonProtected</dt>\n",
       "\t\t<dd><table>\n",
       "<thead><tr><th></th><th scope=col>Pr(1)</th><th scope=col>Pr(2)</th><th scope=col>Pr(3)</th></tr></thead>\n",
       "<tbody>\n",
       "\t<tr><th scope=row>class 1: </th><td>0.7786754 </td><td>0.1788641 </td><td>0.04246049</td></tr>\n",
       "\t<tr><th scope=row>class 2: </th><td>0.3110094 </td><td>0.6659312 </td><td>0.02305946</td></tr>\n",
       "\t<tr><th scope=row>class 3: </th><td>0.7504954 </td><td>0.1494349 </td><td>0.10006971</td></tr>\n",
       "</tbody>\n",
       "</table>\n",
       "</dd>\n",
       "\t<dt>$askLeaveDiff</dt>\n",
       "\t\t<dd><table>\n",
       "<thead><tr><th></th><th scope=col>Pr(1)</th><th scope=col>Pr(2)</th><th scope=col>Pr(3)</th><th scope=col>Pr(4)</th><th scope=col>Pr(5)</th><th scope=col>Pr(6)</th></tr></thead>\n",
       "<tbody>\n",
       "\t<tr><th scope=row>class 1: </th><td>0.27687177   </td><td>0.3879777    </td><td>0.1383576    </td><td> 1.788120e-02</td><td>0.10009872   </td><td>0.07881300   </td></tr>\n",
       "\t<tr><th scope=row>class 2: </th><td>0.39325369   </td><td>0.2884181    </td><td>0.1584343    </td><td>6.647788e-180</td><td>0.08054412   </td><td>0.07934973   </td></tr>\n",
       "\t<tr><th scope=row>class 3: </th><td>0.05216687   </td><td>0.1366346    </td><td>0.1345694    </td><td> 2.157759e-01</td><td>0.27027756   </td><td>0.19057571   </td></tr>\n",
       "</tbody>\n",
       "</table>\n",
       "</dd>\n",
       "\t<dt>$negConsDiscMH</dt>\n",
       "\t\t<dd><table>\n",
       "<thead><tr><th></th><th scope=col>Pr(1)</th><th scope=col>Pr(2)</th><th scope=col>Pr(3)</th></tr></thead>\n",
       "<tbody>\n",
       "\t<tr><th scope=row>class 1: </th><td>0.70533212 </td><td>0.2892533  </td><td>0.005414622</td></tr>\n",
       "\t<tr><th scope=row>class 2: </th><td>0.73671851 </td><td>0.2526538  </td><td>0.010627724</td></tr>\n",
       "\t<tr><th scope=row>class 3: </th><td>0.04553253 </td><td>0.5543924  </td><td>0.400075095</td></tr>\n",
       "</tbody>\n",
       "</table>\n",
       "</dd>\n",
       "\t<dt>$negConsDiscPH</dt>\n",
       "\t\t<dd><table>\n",
       "<thead><tr><th></th><th scope=col>Pr(1)</th><th scope=col>Pr(2)</th><th scope=col>Pr(3)</th></tr></thead>\n",
       "<tbody>\n",
       "\t<tr><th scope=row>class 1: </th><td>0.9215233    </td><td>0.07847673   </td><td>3.530138e-315</td></tr>\n",
       "\t<tr><th scope=row>class 2: </th><td>0.9026902    </td><td>0.09730979   </td><td>1.944257e-155</td></tr>\n",
       "\t<tr><th scope=row>class 3: </th><td>0.5471378    </td><td>0.37545772   </td><td> 7.740445e-02</td></tr>\n",
       "</tbody>\n",
       "</table>\n",
       "</dd>\n",
       "\t<dt>$coworkComfMHD</dt>\n",
       "\t\t<dd><table>\n",
       "<thead><tr><th></th><th scope=col>Pr(1)</th><th scope=col>Pr(2)</th><th scope=col>Pr(3)</th></tr></thead>\n",
       "<tbody>\n",
       "\t<tr><th scope=row>class 1: </th><td>0.4978732 </td><td>0.33582547</td><td>0.16630134</td></tr>\n",
       "\t<tr><th scope=row>class 2: </th><td>0.5441259 </td><td>0.40399322</td><td>0.05188091</td></tr>\n",
       "\t<tr><th scope=row>class 3: </th><td>0.3686539 </td><td>0.06164653</td><td>0.56969956</td></tr>\n",
       "</tbody>\n",
       "</table>\n",
       "</dd>\n",
       "\t<dt>$superComfMHD</dt>\n",
       "\t\t<dd><table>\n",
       "<thead><tr><th></th><th scope=col>Pr(1)</th><th scope=col>Pr(2)</th><th scope=col>Pr(3)</th></tr></thead>\n",
       "<tbody>\n",
       "\t<tr><th scope=row>class 1: </th><td>0.50778733</td><td>0.3828914 </td><td>0.10932125</td></tr>\n",
       "\t<tr><th scope=row>class 2: </th><td>0.77697766</td><td>0.1989115 </td><td>0.02411089</td></tr>\n",
       "\t<tr><th scope=row>class 3: </th><td>0.09094612</td><td>0.3837420 </td><td>0.52531184</td></tr>\n",
       "</tbody>\n",
       "</table>\n",
       "</dd>\n",
       "\t<dt>$empSeriousMH</dt>\n",
       "\t\t<dd><table>\n",
       "<thead><tr><th></th><th scope=col>Pr(1)</th><th scope=col>Pr(2)</th><th scope=col>Pr(3)</th></tr></thead>\n",
       "<tbody>\n",
       "\t<tr><th scope=row>class 1: </th><td>0.5520919 </td><td>0.38051412</td><td>0.06739402</td></tr>\n",
       "\t<tr><th scope=row>class 2: </th><td>0.2703309 </td><td>0.61245603</td><td>0.11721306</td></tr>\n",
       "\t<tr><th scope=row>class 3: </th><td>0.4673558 </td><td>0.09778775</td><td>0.43485647</td></tr>\n",
       "</tbody>\n",
       "</table>\n",
       "</dd>\n",
       "\t<dt>$heardNegConsMH</dt>\n",
       "\t\t<dd><table>\n",
       "<thead><tr><th></th><th scope=col>Pr(1)</th><th scope=col>Pr(2)</th></tr></thead>\n",
       "<tbody>\n",
       "\t<tr><th scope=row>class 1: </th><td>0.9816071 </td><td>0.01839289</td></tr>\n",
       "\t<tr><th scope=row>class 2: </th><td>0.9232305 </td><td>0.07676953</td></tr>\n",
       "\t<tr><th scope=row>class 3: </th><td>0.8678726 </td><td>0.13212743</td></tr>\n",
       "</tbody>\n",
       "</table>\n",
       "</dd>\n",
       "\t<dt>$discInterviewPH</dt>\n",
       "\t\t<dd><table>\n",
       "<thead><tr><th></th><th scope=col>Pr(1)</th><th scope=col>Pr(2)</th><th scope=col>Pr(3)</th></tr></thead>\n",
       "<tbody>\n",
       "\t<tr><th scope=row>class 1: </th><td>0.4724304</td><td>0.3256280</td><td>0.2019416</td></tr>\n",
       "\t<tr><th scope=row>class 2: </th><td>0.4632876</td><td>0.2714843</td><td>0.2652281</td></tr>\n",
       "\t<tr><th scope=row>class 3: </th><td>0.4181469</td><td>0.1460509</td><td>0.4358021</td></tr>\n",
       "</tbody>\n",
       "</table>\n",
       "</dd>\n",
       "\t<dt>$discInterviewMH</dt>\n",
       "\t\t<dd><table>\n",
       "<thead><tr><th></th><th scope=col>Pr(1)</th><th scope=col>Pr(2)</th><th scope=col>Pr(3)</th></tr></thead>\n",
       "<tbody>\n",
       "\t<tr><th scope=row>class 1: </th><td>0.4158799</td><td>0.4120813</td><td>0.1720387</td></tr>\n",
       "\t<tr><th scope=row>class 2: </th><td>0.4036841</td><td>0.4687804</td><td>0.1275354</td></tr>\n",
       "\t<tr><th scope=row>class 3: </th><td>0.1604465</td><td>0.8236481</td><td>0.0159054</td></tr>\n",
       "</tbody>\n",
       "</table>\n",
       "</dd>\n",
       "\t<dt>$hurtCareerMH</dt>\n",
       "\t\t<dd><table>\n",
       "<thead><tr><th></th><th scope=col>Pr(1)</th><th scope=col>Pr(2)</th><th scope=col>Pr(3)</th><th scope=col>Pr(4)</th><th scope=col>Pr(5)</th></tr></thead>\n",
       "<tbody>\n",
       "\t<tr><th scope=row>class 1: </th><td>0.6177374    </td><td>1.862764e-01 </td><td>0.1386734    </td><td> 5.046645e-03</td><td>0.05226621   </td></tr>\n",
       "\t<tr><th scope=row>class 2: </th><td>0.5403127    </td><td>2.308199e-01 </td><td>0.1295224    </td><td> 7.352377e-02</td><td>0.02582125   </td></tr>\n",
       "\t<tr><th scope=row>class 3: </th><td>0.2476949    </td><td>7.750472e-30 </td><td>0.6411528    </td><td>7.553692e-129</td><td>0.11115235   </td></tr>\n",
       "</tbody>\n",
       "</table>\n",
       "</dd>\n",
       "\t<dt>$teamNegMH</dt>\n",
       "\t\t<dd><table>\n",
       "<thead><tr><th></th><th scope=col>Pr(1)</th><th scope=col>Pr(2)</th><th scope=col>Pr(3)</th><th scope=col>Pr(4)</th><th scope=col>Pr(5)</th></tr></thead>\n",
       "<tbody>\n",
       "\t<tr><th scope=row>class 1: </th><td>0.49362953   </td><td>0.4346197    </td><td> 1.702162e-02</td><td>0.02383587   </td><td>0.030893243  </td></tr>\n",
       "\t<tr><th scope=row>class 2: </th><td>0.49060362   </td><td>0.3776139    </td><td>5.308491e-197</td><td>0.03651502   </td><td>0.095267503  </td></tr>\n",
       "\t<tr><th scope=row>class 3: </th><td>0.08047257   </td><td>0.3709614    </td><td> 4.382699e-02</td><td>0.50084128   </td><td>0.003897701  </td></tr>\n",
       "</tbody>\n",
       "</table>\n",
       "</dd>\n",
       "\t<dt>$observeBadResponseMH</dt>\n",
       "\t\t<dd><table>\n",
       "<thead><tr><th></th><th scope=col>Pr(1)</th><th scope=col>Pr(2)</th><th scope=col>Pr(3)</th><th scope=col>Pr(4)</th><th scope=col>Pr(5)</th></tr></thead>\n",
       "<tbody>\n",
       "\t<tr><th scope=row>class 1: </th><td>0.6392301 </td><td>0.1649598 </td><td>0.05463351</td><td>0.04725266</td><td>0.09392392</td></tr>\n",
       "\t<tr><th scope=row>class 2: </th><td>0.4970242 </td><td>0.2431676 </td><td>0.10117589</td><td>0.12692648</td><td>0.03170586</td></tr>\n",
       "\t<tr><th scope=row>class 3: </th><td>0.3174326 </td><td>0.2725498 </td><td>0.15740227</td><td>0.21550625</td><td>0.03710905</td></tr>\n",
       "</tbody>\n",
       "</table>\n",
       "</dd>\n",
       "</dl>\n"
      ],
      "text/latex": [
       "\\begin{description}\n",
       "\\item[\\$empPrimTech] \\begin{tabular}{r|ll}\n",
       "  & Pr(1) & Pr(2)\\\\\n",
       "\\hline\n",
       "\tclass 1:  & 0.8124234 & 0.1875766\\\\\n",
       "\tclass 2:  & 0.7408225 & 0.2591775\\\\\n",
       "\tclass 3:  & 0.7190431 & 0.2809569\\\\\n",
       "\\end{tabular}\n",
       "\n",
       "\\item[\\$empProvideMHB] \\begin{tabular}{r|llll}\n",
       "  & Pr(1) & Pr(2) & Pr(3) & Pr(4)\\\\\n",
       "\\hline\n",
       "\tclass 1:  & 0.137599956 & 0.27236251  & 0.1170898   & 0.4729477  \\\\\n",
       "\tclass 2:  & 0.006397177 & 0.01619933  & 0.8529976   & 0.1244059  \\\\\n",
       "\tclass 3:  & 0.061740091 & 0.25700101  & 0.4349935   & 0.2462654  \\\\\n",
       "\\end{tabular}\n",
       "\n",
       "\\item[\\$knowMHB] \\begin{tabular}{r|llll}\n",
       "  & Pr(1) & Pr(2) & Pr(3) & Pr(4)\\\\\n",
       "\\hline\n",
       "\tclass 1:  & 2.277479e-01 & 0.01003213   & 0.3939088    & 0.3683111   \\\\\n",
       "\tclass 2:  & 1.627407e-27 & 0.57900669   & 0.2904521    & 0.1305412   \\\\\n",
       "\tclass 3:  & 1.054428e-01 & 0.24914881   & 0.2697361    & 0.3756722   \\\\\n",
       "\\end{tabular}\n",
       "\n",
       "\\item[\\$empDiscMH] \\begin{tabular}{r|lll}\n",
       "  & Pr(1) & Pr(2) & Pr(3)\\\\\n",
       "\\hline\n",
       "\tclass 1:  & 0.8053862  & 0.1231868  & 0.07142699\\\\\n",
       "\tclass 2:  & 0.3984846  & 0.4881748  & 0.11334059\\\\\n",
       "\tclass 3:  & 0.8307802  & 0.1075336  & 0.06168621\\\\\n",
       "\\end{tabular}\n",
       "\n",
       "\\item[\\$empResourceMH] \\begin{tabular}{r|lll}\n",
       "  & Pr(1) & Pr(2) & Pr(3)\\\\\n",
       "\\hline\n",
       "\tclass 1:  & 0.6012790  & 0.07016766 & 0.3285533 \\\\\n",
       "\tclass 2:  & 0.1504265  & 0.64891991 & 0.2006536 \\\\\n",
       "\tclass 3:  & 0.5882460  & 0.19029178 & 0.2214622 \\\\\n",
       "\\end{tabular}\n",
       "\n",
       "\\item[\\$anonProtected] \\begin{tabular}{r|lll}\n",
       "  & Pr(1) & Pr(2) & Pr(3)\\\\\n",
       "\\hline\n",
       "\tclass 1:  & 0.7786754  & 0.1788641  & 0.04246049\\\\\n",
       "\tclass 2:  & 0.3110094  & 0.6659312  & 0.02305946\\\\\n",
       "\tclass 3:  & 0.7504954  & 0.1494349  & 0.10006971\\\\\n",
       "\\end{tabular}\n",
       "\n",
       "\\item[\\$askLeaveDiff] \\begin{tabular}{r|llllll}\n",
       "  & Pr(1) & Pr(2) & Pr(3) & Pr(4) & Pr(5) & Pr(6)\\\\\n",
       "\\hline\n",
       "\tclass 1:  & 0.27687177    & 0.3879777     & 0.1383576     &  1.788120e-02 & 0.10009872    & 0.07881300   \\\\\n",
       "\tclass 2:  & 0.39325369    & 0.2884181     & 0.1584343     & 6.647788e-180 & 0.08054412    & 0.07934973   \\\\\n",
       "\tclass 3:  & 0.05216687    & 0.1366346     & 0.1345694     &  2.157759e-01 & 0.27027756    & 0.19057571   \\\\\n",
       "\\end{tabular}\n",
       "\n",
       "\\item[\\$negConsDiscMH] \\begin{tabular}{r|lll}\n",
       "  & Pr(1) & Pr(2) & Pr(3)\\\\\n",
       "\\hline\n",
       "\tclass 1:  & 0.70533212  & 0.2892533   & 0.005414622\\\\\n",
       "\tclass 2:  & 0.73671851  & 0.2526538   & 0.010627724\\\\\n",
       "\tclass 3:  & 0.04553253  & 0.5543924   & 0.400075095\\\\\n",
       "\\end{tabular}\n",
       "\n",
       "\\item[\\$negConsDiscPH] \\begin{tabular}{r|lll}\n",
       "  & Pr(1) & Pr(2) & Pr(3)\\\\\n",
       "\\hline\n",
       "\tclass 1:  & 0.9215233     & 0.07847673    & 3.530138e-315\\\\\n",
       "\tclass 2:  & 0.9026902     & 0.09730979    & 1.944257e-155\\\\\n",
       "\tclass 3:  & 0.5471378     & 0.37545772    &  7.740445e-02\\\\\n",
       "\\end{tabular}\n",
       "\n",
       "\\item[\\$coworkComfMHD] \\begin{tabular}{r|lll}\n",
       "  & Pr(1) & Pr(2) & Pr(3)\\\\\n",
       "\\hline\n",
       "\tclass 1:  & 0.4978732  & 0.33582547 & 0.16630134\\\\\n",
       "\tclass 2:  & 0.5441259  & 0.40399322 & 0.05188091\\\\\n",
       "\tclass 3:  & 0.3686539  & 0.06164653 & 0.56969956\\\\\n",
       "\\end{tabular}\n",
       "\n",
       "\\item[\\$superComfMHD] \\begin{tabular}{r|lll}\n",
       "  & Pr(1) & Pr(2) & Pr(3)\\\\\n",
       "\\hline\n",
       "\tclass 1:  & 0.50778733 & 0.3828914  & 0.10932125\\\\\n",
       "\tclass 2:  & 0.77697766 & 0.1989115  & 0.02411089\\\\\n",
       "\tclass 3:  & 0.09094612 & 0.3837420  & 0.52531184\\\\\n",
       "\\end{tabular}\n",
       "\n",
       "\\item[\\$empSeriousMH] \\begin{tabular}{r|lll}\n",
       "  & Pr(1) & Pr(2) & Pr(3)\\\\\n",
       "\\hline\n",
       "\tclass 1:  & 0.5520919  & 0.38051412 & 0.06739402\\\\\n",
       "\tclass 2:  & 0.2703309  & 0.61245603 & 0.11721306\\\\\n",
       "\tclass 3:  & 0.4673558  & 0.09778775 & 0.43485647\\\\\n",
       "\\end{tabular}\n",
       "\n",
       "\\item[\\$heardNegConsMH] \\begin{tabular}{r|ll}\n",
       "  & Pr(1) & Pr(2)\\\\\n",
       "\\hline\n",
       "\tclass 1:  & 0.9816071  & 0.01839289\\\\\n",
       "\tclass 2:  & 0.9232305  & 0.07676953\\\\\n",
       "\tclass 3:  & 0.8678726  & 0.13212743\\\\\n",
       "\\end{tabular}\n",
       "\n",
       "\\item[\\$discInterviewPH] \\begin{tabular}{r|lll}\n",
       "  & Pr(1) & Pr(2) & Pr(3)\\\\\n",
       "\\hline\n",
       "\tclass 1:  & 0.4724304 & 0.3256280 & 0.2019416\\\\\n",
       "\tclass 2:  & 0.4632876 & 0.2714843 & 0.2652281\\\\\n",
       "\tclass 3:  & 0.4181469 & 0.1460509 & 0.4358021\\\\\n",
       "\\end{tabular}\n",
       "\n",
       "\\item[\\$discInterviewMH] \\begin{tabular}{r|lll}\n",
       "  & Pr(1) & Pr(2) & Pr(3)\\\\\n",
       "\\hline\n",
       "\tclass 1:  & 0.4158799 & 0.4120813 & 0.1720387\\\\\n",
       "\tclass 2:  & 0.4036841 & 0.4687804 & 0.1275354\\\\\n",
       "\tclass 3:  & 0.1604465 & 0.8236481 & 0.0159054\\\\\n",
       "\\end{tabular}\n",
       "\n",
       "\\item[\\$hurtCareerMH] \\begin{tabular}{r|lllll}\n",
       "  & Pr(1) & Pr(2) & Pr(3) & Pr(4) & Pr(5)\\\\\n",
       "\\hline\n",
       "\tclass 1:  & 0.6177374     & 1.862764e-01  & 0.1386734     &  5.046645e-03 & 0.05226621   \\\\\n",
       "\tclass 2:  & 0.5403127     & 2.308199e-01  & 0.1295224     &  7.352377e-02 & 0.02582125   \\\\\n",
       "\tclass 3:  & 0.2476949     & 7.750472e-30  & 0.6411528     & 7.553692e-129 & 0.11115235   \\\\\n",
       "\\end{tabular}\n",
       "\n",
       "\\item[\\$teamNegMH] \\begin{tabular}{r|lllll}\n",
       "  & Pr(1) & Pr(2) & Pr(3) & Pr(4) & Pr(5)\\\\\n",
       "\\hline\n",
       "\tclass 1:  & 0.49362953    & 0.4346197     &  1.702162e-02 & 0.02383587    & 0.030893243  \\\\\n",
       "\tclass 2:  & 0.49060362    & 0.3776139     & 5.308491e-197 & 0.03651502    & 0.095267503  \\\\\n",
       "\tclass 3:  & 0.08047257    & 0.3709614     &  4.382699e-02 & 0.50084128    & 0.003897701  \\\\\n",
       "\\end{tabular}\n",
       "\n",
       "\\item[\\$observeBadResponseMH] \\begin{tabular}{r|lllll}\n",
       "  & Pr(1) & Pr(2) & Pr(3) & Pr(4) & Pr(5)\\\\\n",
       "\\hline\n",
       "\tclass 1:  & 0.6392301  & 0.1649598  & 0.05463351 & 0.04725266 & 0.09392392\\\\\n",
       "\tclass 2:  & 0.4970242  & 0.2431676  & 0.10117589 & 0.12692648 & 0.03170586\\\\\n",
       "\tclass 3:  & 0.3174326  & 0.2725498  & 0.15740227 & 0.21550625 & 0.03710905\\\\\n",
       "\\end{tabular}\n",
       "\n",
       "\\end{description}\n"
      ],
      "text/markdown": [
       "$empPrimTech\n",
       ":   \n",
       "| <!--/--> | Pr(1) | Pr(2) | \n",
       "|---|---|---|\n",
       "| class 1:  | 0.8124234 | 0.1875766 | \n",
       "| class 2:  | 0.7408225 | 0.2591775 | \n",
       "| class 3:  | 0.7190431 | 0.2809569 | \n",
       "\n",
       "\n",
       "\n",
       "$empProvideMHB\n",
       ":   \n",
       "| <!--/--> | Pr(1) | Pr(2) | Pr(3) | Pr(4) | \n",
       "|---|---|---|\n",
       "| class 1:  | 0.137599956 | 0.27236251  | 0.1170898   | 0.4729477   | \n",
       "| class 2:  | 0.006397177 | 0.01619933  | 0.8529976   | 0.1244059   | \n",
       "| class 3:  | 0.061740091 | 0.25700101  | 0.4349935   | 0.2462654   | \n",
       "\n",
       "\n",
       "\n",
       "$knowMHB\n",
       ":   \n",
       "| <!--/--> | Pr(1) | Pr(2) | Pr(3) | Pr(4) | \n",
       "|---|---|---|\n",
       "| class 1:  | 2.277479e-01 | 0.01003213   | 0.3939088    | 0.3683111    | \n",
       "| class 2:  | 1.627407e-27 | 0.57900669   | 0.2904521    | 0.1305412    | \n",
       "| class 3:  | 1.054428e-01 | 0.24914881   | 0.2697361    | 0.3756722    | \n",
       "\n",
       "\n",
       "\n",
       "$empDiscMH\n",
       ":   \n",
       "| <!--/--> | Pr(1) | Pr(2) | Pr(3) | \n",
       "|---|---|---|\n",
       "| class 1:  | 0.8053862  | 0.1231868  | 0.07142699 | \n",
       "| class 2:  | 0.3984846  | 0.4881748  | 0.11334059 | \n",
       "| class 3:  | 0.8307802  | 0.1075336  | 0.06168621 | \n",
       "\n",
       "\n",
       "\n",
       "$empResourceMH\n",
       ":   \n",
       "| <!--/--> | Pr(1) | Pr(2) | Pr(3) | \n",
       "|---|---|---|\n",
       "| class 1:  | 0.6012790  | 0.07016766 | 0.3285533  | \n",
       "| class 2:  | 0.1504265  | 0.64891991 | 0.2006536  | \n",
       "| class 3:  | 0.5882460  | 0.19029178 | 0.2214622  | \n",
       "\n",
       "\n",
       "\n",
       "$anonProtected\n",
       ":   \n",
       "| <!--/--> | Pr(1) | Pr(2) | Pr(3) | \n",
       "|---|---|---|\n",
       "| class 1:  | 0.7786754  | 0.1788641  | 0.04246049 | \n",
       "| class 2:  | 0.3110094  | 0.6659312  | 0.02305946 | \n",
       "| class 3:  | 0.7504954  | 0.1494349  | 0.10006971 | \n",
       "\n",
       "\n",
       "\n",
       "$askLeaveDiff\n",
       ":   \n",
       "| <!--/--> | Pr(1) | Pr(2) | Pr(3) | Pr(4) | Pr(5) | Pr(6) | \n",
       "|---|---|---|\n",
       "| class 1:  | 0.27687177    | 0.3879777     | 0.1383576     |  1.788120e-02 | 0.10009872    | 0.07881300    | \n",
       "| class 2:  | 0.39325369    | 0.2884181     | 0.1584343     | 6.647788e-180 | 0.08054412    | 0.07934973    | \n",
       "| class 3:  | 0.05216687    | 0.1366346     | 0.1345694     |  2.157759e-01 | 0.27027756    | 0.19057571    | \n",
       "\n",
       "\n",
       "\n",
       "$negConsDiscMH\n",
       ":   \n",
       "| <!--/--> | Pr(1) | Pr(2) | Pr(3) | \n",
       "|---|---|---|\n",
       "| class 1:  | 0.70533212  | 0.2892533   | 0.005414622 | \n",
       "| class 2:  | 0.73671851  | 0.2526538   | 0.010627724 | \n",
       "| class 3:  | 0.04553253  | 0.5543924   | 0.400075095 | \n",
       "\n",
       "\n",
       "\n",
       "$negConsDiscPH\n",
       ":   \n",
       "| <!--/--> | Pr(1) | Pr(2) | Pr(3) | \n",
       "|---|---|---|\n",
       "| class 1:  | 0.9215233     | 0.07847673    | 3.530138e-315 | \n",
       "| class 2:  | 0.9026902     | 0.09730979    | 1.944257e-155 | \n",
       "| class 3:  | 0.5471378     | 0.37545772    |  7.740445e-02 | \n",
       "\n",
       "\n",
       "\n",
       "$coworkComfMHD\n",
       ":   \n",
       "| <!--/--> | Pr(1) | Pr(2) | Pr(3) | \n",
       "|---|---|---|\n",
       "| class 1:  | 0.4978732  | 0.33582547 | 0.16630134 | \n",
       "| class 2:  | 0.5441259  | 0.40399322 | 0.05188091 | \n",
       "| class 3:  | 0.3686539  | 0.06164653 | 0.56969956 | \n",
       "\n",
       "\n",
       "\n",
       "$superComfMHD\n",
       ":   \n",
       "| <!--/--> | Pr(1) | Pr(2) | Pr(3) | \n",
       "|---|---|---|\n",
       "| class 1:  | 0.50778733 | 0.3828914  | 0.10932125 | \n",
       "| class 2:  | 0.77697766 | 0.1989115  | 0.02411089 | \n",
       "| class 3:  | 0.09094612 | 0.3837420  | 0.52531184 | \n",
       "\n",
       "\n",
       "\n",
       "$empSeriousMH\n",
       ":   \n",
       "| <!--/--> | Pr(1) | Pr(2) | Pr(3) | \n",
       "|---|---|---|\n",
       "| class 1:  | 0.5520919  | 0.38051412 | 0.06739402 | \n",
       "| class 2:  | 0.2703309  | 0.61245603 | 0.11721306 | \n",
       "| class 3:  | 0.4673558  | 0.09778775 | 0.43485647 | \n",
       "\n",
       "\n",
       "\n",
       "$heardNegConsMH\n",
       ":   \n",
       "| <!--/--> | Pr(1) | Pr(2) | \n",
       "|---|---|---|\n",
       "| class 1:  | 0.9816071  | 0.01839289 | \n",
       "| class 2:  | 0.9232305  | 0.07676953 | \n",
       "| class 3:  | 0.8678726  | 0.13212743 | \n",
       "\n",
       "\n",
       "\n",
       "$discInterviewPH\n",
       ":   \n",
       "| <!--/--> | Pr(1) | Pr(2) | Pr(3) | \n",
       "|---|---|---|\n",
       "| class 1:  | 0.4724304 | 0.3256280 | 0.2019416 | \n",
       "| class 2:  | 0.4632876 | 0.2714843 | 0.2652281 | \n",
       "| class 3:  | 0.4181469 | 0.1460509 | 0.4358021 | \n",
       "\n",
       "\n",
       "\n",
       "$discInterviewMH\n",
       ":   \n",
       "| <!--/--> | Pr(1) | Pr(2) | Pr(3) | \n",
       "|---|---|---|\n",
       "| class 1:  | 0.4158799 | 0.4120813 | 0.1720387 | \n",
       "| class 2:  | 0.4036841 | 0.4687804 | 0.1275354 | \n",
       "| class 3:  | 0.1604465 | 0.8236481 | 0.0159054 | \n",
       "\n",
       "\n",
       "\n",
       "$hurtCareerMH\n",
       ":   \n",
       "| <!--/--> | Pr(1) | Pr(2) | Pr(3) | Pr(4) | Pr(5) | \n",
       "|---|---|---|\n",
       "| class 1:  | 0.6177374     | 1.862764e-01  | 0.1386734     |  5.046645e-03 | 0.05226621    | \n",
       "| class 2:  | 0.5403127     | 2.308199e-01  | 0.1295224     |  7.352377e-02 | 0.02582125    | \n",
       "| class 3:  | 0.2476949     | 7.750472e-30  | 0.6411528     | 7.553692e-129 | 0.11115235    | \n",
       "\n",
       "\n",
       "\n",
       "$teamNegMH\n",
       ":   \n",
       "| <!--/--> | Pr(1) | Pr(2) | Pr(3) | Pr(4) | Pr(5) | \n",
       "|---|---|---|\n",
       "| class 1:  | 0.49362953    | 0.4346197     |  1.702162e-02 | 0.02383587    | 0.030893243   | \n",
       "| class 2:  | 0.49060362    | 0.3776139     | 5.308491e-197 | 0.03651502    | 0.095267503   | \n",
       "| class 3:  | 0.08047257    | 0.3709614     |  4.382699e-02 | 0.50084128    | 0.003897701   | \n",
       "\n",
       "\n",
       "\n",
       "$observeBadResponseMH\n",
       ":   \n",
       "| <!--/--> | Pr(1) | Pr(2) | Pr(3) | Pr(4) | Pr(5) | \n",
       "|---|---|---|\n",
       "| class 1:  | 0.6392301  | 0.1649598  | 0.05463351 | 0.04725266 | 0.09392392 | \n",
       "| class 2:  | 0.4970242  | 0.2431676  | 0.10117589 | 0.12692648 | 0.03170586 | \n",
       "| class 3:  | 0.3174326  | 0.2725498  | 0.15740227 | 0.21550625 | 0.03710905 | \n",
       "\n",
       "\n",
       "\n",
       "\n",
       "\n"
      ],
      "text/plain": [
       "$empPrimTech\n",
       "              Pr(1)     Pr(2)\n",
       "class 1:  0.8124234 0.1875766\n",
       "class 2:  0.7408225 0.2591775\n",
       "class 3:  0.7190431 0.2809569\n",
       "\n",
       "$empProvideMHB\n",
       "                Pr(1)      Pr(2)     Pr(3)     Pr(4)\n",
       "class 1:  0.137599956 0.27236251 0.1170898 0.4729477\n",
       "class 2:  0.006397177 0.01619933 0.8529976 0.1244059\n",
       "class 3:  0.061740091 0.25700101 0.4349935 0.2462654\n",
       "\n",
       "$knowMHB\n",
       "                 Pr(1)      Pr(2)     Pr(3)     Pr(4)\n",
       "class 1:  2.277479e-01 0.01003213 0.3939088 0.3683111\n",
       "class 2:  1.627407e-27 0.57900669 0.2904521 0.1305412\n",
       "class 3:  1.054428e-01 0.24914881 0.2697361 0.3756722\n",
       "\n",
       "$empDiscMH\n",
       "              Pr(1)     Pr(2)      Pr(3)\n",
       "class 1:  0.8053862 0.1231868 0.07142699\n",
       "class 2:  0.3984846 0.4881748 0.11334059\n",
       "class 3:  0.8307802 0.1075336 0.06168621\n",
       "\n",
       "$empResourceMH\n",
       "              Pr(1)      Pr(2)     Pr(3)\n",
       "class 1:  0.6012790 0.07016766 0.3285533\n",
       "class 2:  0.1504265 0.64891991 0.2006536\n",
       "class 3:  0.5882460 0.19029178 0.2214622\n",
       "\n",
       "$anonProtected\n",
       "              Pr(1)     Pr(2)      Pr(3)\n",
       "class 1:  0.7786754 0.1788641 0.04246049\n",
       "class 2:  0.3110094 0.6659312 0.02305946\n",
       "class 3:  0.7504954 0.1494349 0.10006971\n",
       "\n",
       "$askLeaveDiff\n",
       "               Pr(1)     Pr(2)     Pr(3)         Pr(4)      Pr(5)      Pr(6)\n",
       "class 1:  0.27687177 0.3879777 0.1383576  1.788120e-02 0.10009872 0.07881300\n",
       "class 2:  0.39325369 0.2884181 0.1584343 6.647788e-180 0.08054412 0.07934973\n",
       "class 3:  0.05216687 0.1366346 0.1345694  2.157759e-01 0.27027756 0.19057571\n",
       "\n",
       "$negConsDiscMH\n",
       "               Pr(1)     Pr(2)       Pr(3)\n",
       "class 1:  0.70533212 0.2892533 0.005414622\n",
       "class 2:  0.73671851 0.2526538 0.010627724\n",
       "class 3:  0.04553253 0.5543924 0.400075095\n",
       "\n",
       "$negConsDiscPH\n",
       "              Pr(1)      Pr(2)         Pr(3)\n",
       "class 1:  0.9215233 0.07847673 3.530138e-315\n",
       "class 2:  0.9026902 0.09730979 1.944257e-155\n",
       "class 3:  0.5471378 0.37545772  7.740445e-02\n",
       "\n",
       "$coworkComfMHD\n",
       "              Pr(1)      Pr(2)      Pr(3)\n",
       "class 1:  0.4978732 0.33582547 0.16630134\n",
       "class 2:  0.5441259 0.40399322 0.05188091\n",
       "class 3:  0.3686539 0.06164653 0.56969956\n",
       "\n",
       "$superComfMHD\n",
       "               Pr(1)     Pr(2)      Pr(3)\n",
       "class 1:  0.50778733 0.3828914 0.10932125\n",
       "class 2:  0.77697766 0.1989115 0.02411089\n",
       "class 3:  0.09094612 0.3837420 0.52531184\n",
       "\n",
       "$empSeriousMH\n",
       "              Pr(1)      Pr(2)      Pr(3)\n",
       "class 1:  0.5520919 0.38051412 0.06739402\n",
       "class 2:  0.2703309 0.61245603 0.11721306\n",
       "class 3:  0.4673558 0.09778775 0.43485647\n",
       "\n",
       "$heardNegConsMH\n",
       "              Pr(1)      Pr(2)\n",
       "class 1:  0.9816071 0.01839289\n",
       "class 2:  0.9232305 0.07676953\n",
       "class 3:  0.8678726 0.13212743\n",
       "\n",
       "$discInterviewPH\n",
       "              Pr(1)     Pr(2)     Pr(3)\n",
       "class 1:  0.4724304 0.3256280 0.2019416\n",
       "class 2:  0.4632876 0.2714843 0.2652281\n",
       "class 3:  0.4181469 0.1460509 0.4358021\n",
       "\n",
       "$discInterviewMH\n",
       "              Pr(1)     Pr(2)     Pr(3)\n",
       "class 1:  0.4158799 0.4120813 0.1720387\n",
       "class 2:  0.4036841 0.4687804 0.1275354\n",
       "class 3:  0.1604465 0.8236481 0.0159054\n",
       "\n",
       "$hurtCareerMH\n",
       "              Pr(1)        Pr(2)     Pr(3)         Pr(4)      Pr(5)\n",
       "class 1:  0.6177374 1.862764e-01 0.1386734  5.046645e-03 0.05226621\n",
       "class 2:  0.5403127 2.308199e-01 0.1295224  7.352377e-02 0.02582125\n",
       "class 3:  0.2476949 7.750472e-30 0.6411528 7.553692e-129 0.11115235\n",
       "\n",
       "$teamNegMH\n",
       "               Pr(1)     Pr(2)         Pr(3)      Pr(4)       Pr(5)\n",
       "class 1:  0.49362953 0.4346197  1.702162e-02 0.02383587 0.030893243\n",
       "class 2:  0.49060362 0.3776139 5.308491e-197 0.03651502 0.095267503\n",
       "class 3:  0.08047257 0.3709614  4.382699e-02 0.50084128 0.003897701\n",
       "\n",
       "$observeBadResponseMH\n",
       "              Pr(1)     Pr(2)      Pr(3)      Pr(4)      Pr(5)\n",
       "class 1:  0.6392301 0.1649598 0.05463351 0.04725266 0.09392392\n",
       "class 2:  0.4970242 0.2431676 0.10117589 0.12692648 0.03170586\n",
       "class 3:  0.3174326 0.2725498 0.15740227 0.21550625 0.03710905\n"
      ]
     },
     "metadata": {},
     "output_type": "display_data"
    }
   ],
   "source": [
    "finalMod.lcm$probs"
   ]
  },
  {
   "cell_type": "markdown",
   "metadata": {},
   "source": [
    "_Figure 1: Set of conditional probability tables estimated by our latent class model._\n",
    "\n",
    "We see interesting results from the following tables:\n",
    "\n",
    "* ```empProvideMHB```\n",
    "\n",
    "* ```knowMHB```\n",
    "\n",
    "* ```empDiscMH```\n",
    "\n",
    "* ```anonProtected```\n",
    "\n",
    "* ```askLeaveDiff```\n",
    "\n",
    "* ```negConsDiscMH```\n",
    "\n",
    "* ```coworkComfMHD```\n",
    "\n",
    "* ```superComfMHD```\n",
    "\n",
    "* ```discInterviewMH```\n",
    "\n",
    "* ```hurtCareerMH```\n",
    "\n",
    "* ```teamNegMH```\n",
    "\n",
    "* ```observeBadResponseMH```\n",
    "\n",
    "Let's explore these differences to define the characteristics of each class."
   ]
  },
  {
   "cell_type": "code",
   "execution_count": 9,
   "metadata": {
    "collapsed": false,
    "scrolled": false
   },
   "outputs": [
    {
     "data": {
      "text/html": [
       "<table>\n",
       "<thead><tr><th></th><th scope=col>Not eligible for coverage / N/A</th><th scope=col>No</th><th scope=col>Yes</th><th scope=col>I don't know</th></tr></thead>\n",
       "<tbody>\n",
       "\t<tr><th scope=row>class 1: </th><td>0.1380</td><td>0.2720</td><td>0.117 </td><td>0.473 </td></tr>\n",
       "\t<tr><th scope=row>class 2: </th><td>0.0064</td><td>0.0162</td><td>0.853 </td><td>0.124 </td></tr>\n",
       "\t<tr><th scope=row>class 3: </th><td>0.0617</td><td>0.2570</td><td>0.435 </td><td>0.246 </td></tr>\n",
       "</tbody>\n",
       "</table>\n"
      ],
      "text/latex": [
       "\\begin{tabular}{r|llll}\n",
       "  & Not eligible for coverage / N/A & No & Yes & I don't know\\\\\n",
       "\\hline\n",
       "\tclass 1:  & 0.1380 & 0.2720 & 0.117  & 0.473 \\\\\n",
       "\tclass 2:  & 0.0064 & 0.0162 & 0.853  & 0.124 \\\\\n",
       "\tclass 3:  & 0.0617 & 0.2570 & 0.435  & 0.246 \\\\\n",
       "\\end{tabular}\n"
      ],
      "text/markdown": [
       "\n",
       "| <!--/--> | Not eligible for coverage / N/A | No | Yes | I don't know | \n",
       "|---|---|---|\n",
