{
 "cells": [
  {
   "cell_type": "markdown",
   "metadata": {
    "toc": "true"
   },
   "source": [
    "# Table of Contents\n",
    " <p><div class=\"lev1 toc-item\"><a href=\"#OSMI-Mental-Health-In-Tech-Survey-2016-:-Inference-on-Cluster-Analysis\" data-toc-modified-id=\"OSMI-Mental-Health-In-Tech-Survey-2016-:-Inference-on-Cluster-Analysis-1\"><span class=\"toc-item-num\">1&nbsp;&nbsp;</span>OSMI Mental Health In Tech Survey 2016 : Inference on Cluster Analysis</a></div><div class=\"lev1 toc-item\"><a href=\"#Recap\" data-toc-modified-id=\"Recap-2\"><span class=\"toc-item-num\">2&nbsp;&nbsp;</span>Recap</a></div><div class=\"lev1 toc-item\"><a href=\"#Model-Study\" data-toc-modified-id=\"Model-Study-3\"><span class=\"toc-item-num\">3&nbsp;&nbsp;</span>Model Study</a></div><div class=\"lev2 toc-item\"><a href=\"#Class-Descriptions\" data-toc-modified-id=\"Class-Descriptions-3.1\"><span class=\"toc-item-num\">3.1&nbsp;&nbsp;</span>Class Descriptions</a></div><div class=\"lev1 toc-item\"><a href=\"#Relationship-of-Clusters-with-Demographics\" data-toc-modified-id=\"Relationship-of-Clusters-with-Demographics-4\"><span class=\"toc-item-num\">4&nbsp;&nbsp;</span>Relationship of Clusters with Demographics</a></div><div class=\"lev2 toc-item\"><a href=\"#Simple-Modeling\" data-toc-modified-id=\"Simple-Modeling-4.1\"><span class=\"toc-item-num\">4.1&nbsp;&nbsp;</span>Simple Modeling</a></div><div class=\"lev2 toc-item\"><a href=\"#Inference-and-Preditions\" data-toc-modified-id=\"Inference-and-Preditions-4.2\"><span class=\"toc-item-num\">4.2&nbsp;&nbsp;</span>Inference and Preditions</a></div>"
   ]
  },
  {
   "cell_type": "markdown",
   "metadata": {},
   "source": [
    "# OSMI Mental Health In Tech Survey 2016 : Inference on Cluster Analysis\n",
    "\n",
    "_By [Michael Rosenberg](mmrosenb@andrew.cmu.edu)._"
   ]
  },
  {
   "cell_type": "code",
   "execution_count": 226,
   "metadata": {
    "collapsed": false
   },
   "outputs": [],
   "source": [
    "#imports\n",
    "library(poLCA)\n",
    "library(nnet)\n",
    "library(tree)\n",
    "\n",
    "#constants\n",
    "sigLev = 3\n",
    "percentMul = 100\n",
    "options(warn=-1)"
   ]
  },
  {
   "cell_type": "code",
   "execution_count": 227,
   "metadata": {
    "collapsed": true
   },
   "outputs": [],
   "source": [
    "#load in data\n",
    "inferenceFrame = read.csv(\"../../data/processed/clusterData_inference.csv\")\n",
    "finalMod.lcm = readRDS(\"../../models/finalClusterModel.rds\")"
   ]
  },
  {
   "cell_type": "markdown",
   "metadata": {},
   "source": [
    "# Recap"
   ]
  },
  {
   "cell_type": "markdown",
   "metadata": {},
   "source": [
    "# Model Study"
   ]
  },
  {
   "cell_type": "code",
   "execution_count": 228,
   "metadata": {
    "collapsed": false
   },
   "outputs": [
    {
     "data": {
      "text/html": [
       "<table>\n",
       "<thead><tr><th scope=col>class</th><th scope=col>prior</th></tr></thead>\n",
       "<tbody>\n",
       "\t<tr><td>Class 1</td><td>0.279  </td></tr>\n",
       "\t<tr><td>Class 2</td><td>0.291  </td></tr>\n",
       "\t<tr><td>Class 3</td><td>0.430  </td></tr>\n",
       "</tbody>\n",
       "</table>\n"
      ],
      "text/latex": [
       "\\begin{tabular}{r|ll}\n",
       " class & prior\\\\\n",
       "\\hline\n",
       "\t Class 1 & 0.279  \\\\\n",
       "\t Class 2 & 0.291  \\\\\n",
       "\t Class 3 & 0.430  \\\\\n",
       "\\end{tabular}\n"
      ],
      "text/markdown": [
       "\n",
       "class | prior | \n",
       "|---|---|---|\n",
       "| Class 1 | 0.279   | \n",
       "| Class 2 | 0.291   | \n",
       "| Class 3 | 0.430   | \n",
       "\n",
       "\n"
      ],
      "text/plain": [
       "  class   prior\n",
       "1 Class 1 0.279\n",
       "2 Class 2 0.291\n",
       "3 Class 3 0.430"
      ]
     },
     "metadata": {},
     "output_type": "display_data"
    }
   ],
   "source": [
    "priorFrame = data.frame(class = c(\"Class 1\",\"Class 2\",\"Class 3\"),\n",
    "                        prior = signif(finalMod.lcm$P,sigLev))\n",
    "priorFrame"
   ]
  },
  {
   "cell_type": "markdown",
   "metadata": {},
   "source": [
    "_Table 1: Our prior distribution over our classes._\n",
    "\n",
    "We see that Class $3$ is more frequent than the other two, and Class $2$ is the least frequent of the three in our estimates. That being said, these classes are extremely close together, which suggests that we have relatively balanced classes."
   ]
  },
  {
   "cell_type": "code",
   "execution_count": 229,
   "metadata": {
    "collapsed": false
   },
   "outputs": [],
   "source": [
    "displayTable <- function(givenMod,varName){\n",
    "    #helper for producing table\n",
    "    #first, get discrete encoding\n",
    "    dEncodeFilename = paste0(\"../../data/preprocessed/discreteEncodings/\",\n",
    "                             varName,\".csv\")\n",
    "    dEncodeFrame = read.csv(dEncodeFilename)\n",
    "    #get levels\n",
    "    dEncodeLevels = dEncodeFrame$level\n",
    "    givenModTable = givenMod$probs[[varName]]\n",
    "    colnames(givenModTable) = dEncodeLevels\n",
    "    #then export\n",
    "    return(givenModTable)\n",
    "}"
   ]
  },
  {
   "cell_type": "code",
   "execution_count": 230,
   "metadata": {
    "collapsed": false
   },
   "outputs": [
    {
     "data": {
      "text/html": [
       "<dl>\n",
       "\t<dt>$empPrimTech</dt>\n",
       "\t\t<dd><table>\n",
       "<thead><tr><th></th><th scope=col>Pr(1)</th><th scope=col>Pr(2)</th></tr></thead>\n",
       "<tbody>\n",
       "\t<tr><th scope=row>class 1: </th><td>0.8244730</td><td>0.1755270</td></tr>\n",
       "\t<tr><th scope=row>class 2: </th><td>0.7556236</td><td>0.2443764</td></tr>\n",
       "\t<tr><th scope=row>class 3: </th><td>0.7313169</td><td>0.2686831</td></tr>\n",
       "</tbody>\n",
       "</table>\n",
       "</dd>\n",
       "\t<dt>$empProvideMHB</dt>\n",
       "\t\t<dd><table>\n",
       "<thead><tr><th></th><th scope=col>Pr(1)</th><th scope=col>Pr(2)</th><th scope=col>Pr(3)</th><th scope=col>Pr(4)</th></tr></thead>\n",
       "<tbody>\n",
       "\t<tr><th scope=row>class 1: </th><td>0.07427009</td><td>0.22916795</td><td>0.2261028 </td><td>0.4704592 </td></tr>\n",
       "\t<tr><th scope=row>class 2: </th><td>0.06018964</td><td>0.06937303</td><td>0.7134120 </td><td>0.1570253 </td></tr>\n",
       "\t<tr><th scope=row>class 3: </th><td>0.07747540</td><td>0.23044875</td><td>0.4827873 </td><td>0.2092886 </td></tr>\n",
       "</tbody>\n",
       "</table>\n",
       "</dd>\n",
       "\t<dt>$knowMHB</dt>\n",
       "\t\t<dd><table>\n",
       "<thead><tr><th></th><th scope=col>Pr(1)</th><th scope=col>Pr(2)</th><th scope=col>Pr(3)</th><th scope=col>Pr(4)</th></tr></thead>\n",
       "<tbody>\n",
       "\t<tr><th scope=row>class 1: </th><td>0.14796891</td><td>0.09327078</td><td>0.3717736 </td><td>0.3869867 </td></tr>\n",
       "\t<tr><th scope=row>class 2: </th><td>0.10042556</td><td>0.48110518</td><td>0.2825578 </td><td>0.1359115 </td></tr>\n",
       "\t<tr><th scope=row>class 3: </th><td>0.09981376</td><td>0.25939416</td><td>0.2615314 </td><td>0.3792607 </td></tr>\n",
       "</tbody>\n",
       "</table>\n",
       "</dd>\n",
       "\t<dt>$empDiscMH</dt>\n",
       "\t\t<dd><table>\n",
       "<thead><tr><th></th><th scope=col>Pr(1)</th><th scope=col>Pr(2)</th><th scope=col>Pr(3)</th></tr></thead>\n",
       "<tbody>\n",
       "\t<tr><th scope=row>class 1: </th><td>0.8394722 </td><td>0.04933336</td><td>0.11119440</td></tr>\n",
       "\t<tr><th scope=row>class 2: </th><td>0.4473752 </td><td>0.46926465</td><td>0.08336010</td></tr>\n",
       "\t<tr><th scope=row>class 3: </th><td>0.8245459 </td><td>0.12139603</td><td>0.05405804</td></tr>\n",
       "</tbody>\n",
       "</table>\n",
       "</dd>\n",
       "\t<dt>$empResourceMH</dt>\n",
       "\t\t<dd><table>\n",
       "<thead><tr><th></th><th scope=col>Pr(1)</th><th scope=col>Pr(2)</th><th scope=col>Pr(3)</th></tr></thead>\n",
       "<tbody>\n",
       "\t<tr><th scope=row>class 1: </th><td>0.5476726 </td><td>0.03033633</td><td>0.4219911 </td></tr>\n",
       "\t<tr><th scope=row>class 2: </th><td>0.2529474 </td><td>0.56581158</td><td>0.1812410 </td></tr>\n",
       "\t<tr><th scope=row>class 3: </th><td>0.5285850 </td><td>0.20643733</td><td>0.2649777 </td></tr>\n",
       "</tbody>\n",
       "</table>\n",
       "</dd>\n",
       "\t<dt>$anonProtected</dt>\n",
       "\t\t<dd><table>\n",
       "<thead><tr><th></th><th scope=col>Pr(1)</th><th scope=col>Pr(2)</th><th scope=col>Pr(3)</th></tr></thead>\n",
       "<tbody>\n",
       "\t<tr><th scope=row>class 1: </th><td>0.8649082   </td><td>0.0791176   </td><td>5.597423e-02</td></tr>\n",
       "\t<tr><th scope=row>class 2: </th><td>0.3787851   </td><td>0.6212149   </td><td>4.869347e-66</td></tr>\n",
       "\t<tr><th scope=row>class 3: </th><td>0.7042347   </td><td>0.1778710   </td><td>1.178943e-01</td></tr>\n",
       "</tbody>\n",
       "</table>\n",
       "</dd>\n",
       "\t<dt>$askLeaveDiff</dt>\n",
       "\t\t<dd><table>\n",
       "<thead><tr><th></th><th scope=col>Pr(1)</th><th scope=col>Pr(2)</th><th scope=col>Pr(3)</th><th scope=col>Pr(4)</th><th scope=col>Pr(5)</th><th scope=col>Pr(6)</th></tr></thead>\n",
       "<tbody>\n",
       "\t<tr><th scope=row>class 1: </th><td>0.20759913   </td><td>0.2659001    </td><td>0.2399045    </td><td> 2.774653e-11</td><td>0.12242258   </td><td>0.16417369   </td></tr>\n",
       "\t<tr><th scope=row>class 2: </th><td>0.40340612   </td><td>0.3395392    </td><td>0.1364857    </td><td>7.443782e-313</td><td>0.07548902   </td><td>0.04507992   </td></tr>\n",
       "\t<tr><th scope=row>class 3: </th><td>0.05098043   </td><td>0.1496780    </td><td>0.1537241    </td><td> 2.191933e-01</td><td>0.27128340   </td><td>0.15514075   </td></tr>\n",
       "</tbody>\n",
       "</table>\n",
       "</dd>\n",
       "\t<dt>$negConsDiscMH</dt>\n",
       "\t\t<dd><table>\n",
       "<thead><tr><th></th><th scope=col>Pr(1)</th><th scope=col>Pr(2)</th><th scope=col>Pr(3)</th></tr></thead>\n",
       "<tbody>\n",
       "\t<tr><th scope=row>class 1: </th><td>0.55936678  </td><td>0.4406332   </td><td>4.360700e-68</td></tr>\n",
       "\t<tr><th scope=row>class 2: </th><td>0.78683503  </td><td>0.2063713   </td><td>6.793659e-03</td></tr>\n",
       "\t<tr><th scope=row>class 3: </th><td>0.01372454  </td><td>0.5362477   </td><td>4.500278e-01</td></tr>\n",
       "</tbody>\n",
       "</table>\n",
       "</dd>\n",
       "\t<dt>$negConsDiscPH</dt>\n",
       "\t\t<dd><table>\n",
       "<thead><tr><th></th><th scope=col>Pr(1)</th><th scope=col>Pr(2)</th><th scope=col>Pr(3)</th></tr></thead>\n",
       "<tbody>\n",
       "\t<tr><th scope=row>class 1: </th><td>0.9015073 </td><td>0.09849273</td><td>0.00000000</td></tr>\n",
       "\t<tr><th scope=row>class 2: </th><td>0.9087820 </td><td>0.09121797</td><td>0.00000000</td></tr>\n",
       "\t<tr><th scope=row>class 3: </th><td>0.4762074 </td><td>0.44260986</td><td>0.08118272</td></tr>\n",
       "</tbody>\n",
       "</table>\n",
       "</dd>\n",
       "\t<dt>$coworkComfMHD</dt>\n",
       "\t\t<dd><table>\n",
       "<thead><tr><th></th><th scope=col>Pr(1)</th><th scope=col>Pr(2)</th><th scope=col>Pr(3)</th></tr></thead>\n",
       "<tbody>\n",
       "\t<tr><th scope=row>class 1: </th><td>0.5850546 </td><td>0.23937312</td><td>0.17557232</td></tr>\n",
       "\t<tr><th scope=row>class 2: </th><td>0.4416065 </td><td>0.51536516</td><td>0.04302838</td></tr>\n",
       "\t<tr><th scope=row>class 3: </th><td>0.3401605 </td><td>0.05609075</td><td>0.60374879</td></tr>\n",
       "</tbody>\n",
       "</table>\n",
       "</dd>\n",
       "\t<dt>$superComfMHD</dt>\n",
       "\t\t<dd><table>\n",
       "<thead><tr><th></th><th scope=col>Pr(1)</th><th scope=col>Pr(2)</th><th scope=col>Pr(3)</th></tr></thead>\n",
       "<tbody>\n",
       "\t<tr><th scope=row>class 1: </th><td>0.35724820 </td><td>0.5306085  </td><td>0.112143335</td></tr>\n",
       "\t<tr><th scope=row>class 2: </th><td>0.87569818 </td><td>0.1174421  </td><td>0.006859767</td></tr>\n",
       "\t<tr><th scope=row>class 3: </th><td>0.08894139 </td><td>0.3512466  </td><td>0.559811971</td></tr>\n",
       "</tbody>\n",
       "</table>\n",
       "</dd>\n",
       "\t<dt>$empSeriousMH</dt>\n",
       "\t\t<dd><table>\n",
       "<thead><tr><th></th><th scope=col>Pr(1)</th><th scope=col>Pr(2)</th><th scope=col>Pr(3)</th></tr></thead>\n",
       "<tbody>\n",
       "\t<tr><th scope=row>class 1: </th><td>0.6435654</td><td>0.2152881</td><td>0.1411465</td></tr>\n",
       "\t<tr><th scope=row>class 2: </th><td>0.1913052</td><td>0.6759570</td><td>0.1327377</td></tr>\n",
       "\t<tr><th scope=row>class 3: </th><td>0.4511753</td><td>0.1011147</td><td>0.4477100</td></tr>\n",
       "</tbody>\n",
       "</table>\n",
       "</dd>\n",
       "\t<dt>$heardNegConsMH</dt>\n",
       "\t\t<dd><table>\n",
       "<thead><tr><th></th><th scope=col>Pr(1)</th><th scope=col>Pr(2)</th></tr></thead>\n",
       "<tbody>\n",
       "\t<tr><th scope=row>class 1: </th><td>0.9877511 </td><td>0.01224893</td></tr>\n",
       "\t<tr><th scope=row>class 2: </th><td>0.9520863 </td><td>0.04791371</td></tr>\n",
       "\t<tr><th scope=row>class 3: </th><td>0.8495859 </td><td>0.15041405</td></tr>\n",
       "</tbody>\n",
       "</table>\n",
       "</dd>\n",
       "\t<dt>$discInterviewPH</dt>\n",
       "\t\t<dd><table>\n",
       "<thead><tr><th></th><th scope=col>Pr(1)</th><th scope=col>Pr(2)</th><th scope=col>Pr(3)</th></tr></thead>\n",
       "<tbody>\n",
       "\t<tr><th scope=row>class 1: </th><td>0.5228792</td><td>0.2932307</td><td>0.1838901</td></tr>\n",
       "\t<tr><th scope=row>class 2: </th><td>0.4078881</td><td>0.3292150</td><td>0.2628970</td></tr>\n",
       "\t<tr><th scope=row>class 3: </th><td>0.3668165</td><td>0.1510890</td><td>0.4820945</td></tr>\n",
       "</tbody>\n",
       "</table>\n",
       "</dd>\n",
       "\t<dt>$discInterviewMH</dt>\n",
       "\t\t<dd><table>\n",
       "<thead><tr><th></th><th scope=col>Pr(1)</th><th scope=col>Pr(2)</th><th scope=col>Pr(3)</th></tr></thead>\n",
       "<tbody>\n",
       "\t<tr><th scope=row>class 1: </th><td>0.4067476</td><td>0.4893513</td><td>0.1039010</td></tr>\n",
       "\t<tr><th scope=row>class 2: </th><td>0.4208812</td><td>0.4305374</td><td>0.1485814</td></tr>\n",
       "\t<tr><th scope=row>class 3: </th><td>0.1208965</td><td>0.8563080</td><td>0.0227955</td></tr>\n",
       "</tbody>\n",
       "</table>\n",
       "</dd>\n",
       "\t<dt>$hurtCareerMH</dt>\n",
       "\t\t<dd><table>\n",
       "<thead><tr><th></th><th scope=col>Pr(1)</th><th scope=col>Pr(2)</th><th scope=col>Pr(3)</th><th scope=col>Pr(4)</th><th scope=col>Pr(5)</th></tr></thead>\n",
       "<tbody>\n",
       "\t<tr><th scope=row>class 1: </th><td>0.6680637    </td><td>1.239090e-01 </td><td>0.1814641    </td><td> 1.199368e-02</td><td>0.01456951   </td></tr>\n",
       "\t<tr><th scope=row>class 2: </th><td>0.5004982    </td><td>2.530836e-01 </td><td>0.1136515    </td><td> 8.449795e-02</td><td>0.04826868   </td></tr>\n",
       "\t<tr><th scope=row>class 3: </th><td>0.1571125    </td><td>2.624015e-98 </td><td>0.7145163    </td><td>3.734120e-178</td><td>0.12837115   </td></tr>\n",
       "</tbody>\n",
       "</table>\n",
       "</dd>\n",
       "\t<dt>$teamNegMH</dt>\n",
       "\t\t<dd><table>\n",
       "<thead><tr><th></th><th scope=col>Pr(1)</th><th scope=col>Pr(2)</th><th scope=col>Pr(3)</th><th scope=col>Pr(4)</th><th scope=col>Pr(5)</th></tr></thead>\n",
       "<tbody>\n",
       "\t<tr><th scope=row>class 1: </th><td>0.38829324 </td><td>0.5330610  </td><td>0.01183862 </td><td>0.05109429 </td><td>0.015712897</td></tr>\n",
       "\t<tr><th scope=row>class 2: </th><td>0.44312437 </td><td>0.3622803  </td><td>0.01246846 </td><td>0.05322270 </td><td>0.128904187</td></tr>\n",
       "\t<tr><th scope=row>class 3: </th><td>0.06912633 </td><td>0.3058124  </td><td>0.04476435 </td><td>0.57621775 </td><td>0.004079122</td></tr>\n",
       "</tbody>\n",
       "</table>\n",
       "</dd>\n",
       "\t<dt>$observeBadResponseMH</dt>\n",
       "\t\t<dd><table>\n",
       "<thead><tr><th></th><th scope=col>Pr(1)</th><th scope=col>Pr(2)</th><th scope=col>Pr(3)</th><th scope=col>Pr(4)</th><th scope=col>Pr(5)</th></tr></thead>\n",
       "<tbody>\n",
       "\t<tr><th scope=row>class 1: </th><td>0.5759585 </td><td>0.2287329 </td><td>0.02023198</td><td>0.1234917 </td><td>0.05158498</td></tr>\n",
       "\t<tr><th scope=row>class 2: </th><td>0.4909702 </td><td>0.1950338 </td><td>0.14048537</td><td>0.1499544 </td><td>0.02355625</td></tr>\n",
       "\t<tr><th scope=row>class 3: </th><td>0.2842630 </td><td>0.2918597 </td><td>0.18003059</td><td>0.1999229 </td><td>0.04392381</td></tr>\n",
       "</tbody>\n",
       "</table>\n",
       "</dd>\n",
       "</dl>\n"
      ],
      "text/latex": [
       "\\begin{description}\n",
       "\\item[\\$empPrimTech] \\begin{tabular}{r|ll}\n",
       "  & Pr(1) & Pr(2)\\\\\n",
       "\\hline\n",
       "\tclass 1:  & 0.8244730 & 0.1755270\\\\\n",
       "\tclass 2:  & 0.7556236 & 0.2443764\\\\\n",
       "\tclass 3:  & 0.7313169 & 0.2686831\\\\\n",
       "\\end{tabular}\n",
       "\n",
       "\\item[\\$empProvideMHB] \\begin{tabular}{r|llll}\n",
       "  & Pr(1) & Pr(2) & Pr(3) & Pr(4)\\\\\n",
       "\\hline\n",
       "\tclass 1:  & 0.07427009 & 0.22916795 & 0.2261028  & 0.4704592 \\\\\n",
       "\tclass 2:  & 0.06018964 & 0.06937303 & 0.7134120  & 0.1570253 \\\\\n",
       "\tclass 3:  & 0.07747540 & 0.23044875 & 0.4827873  & 0.2092886 \\\\\n",
       "\\end{tabular}\n",
       "\n",
       "\\item[\\$knowMHB] \\begin{tabular}{r|llll}\n",
       "  & Pr(1) & Pr(2) & Pr(3) & Pr(4)\\\\\n",
       "\\hline\n",
       "\tclass 1:  & 0.14796891 & 0.09327078 & 0.3717736  & 0.3869867 \\\\\n",
       "\tclass 2:  & 0.10042556 & 0.48110518 & 0.2825578  & 0.1359115 \\\\\n",
       "\tclass 3:  & 0.09981376 & 0.25939416 & 0.2615314  & 0.3792607 \\\\\n",
       "\\end{tabular}\n",
       "\n",
       "\\item[\\$empDiscMH] \\begin{tabular}{r|lll}\n",
       "  & Pr(1) & Pr(2) & Pr(3)\\\\\n",
       "\\hline\n",
       "\tclass 1:  & 0.8394722  & 0.04933336 & 0.11119440\\\\\n",
       "\tclass 2:  & 0.4473752  & 0.46926465 & 0.08336010\\\\\n",
       "\tclass 3:  & 0.8245459  & 0.12139603 & 0.05405804\\\\\n",
       "\\end{tabular}\n",
       "\n",
       "\\item[\\$empResourceMH] \\begin{tabular}{r|lll}\n",
       "  & Pr(1) & Pr(2) & Pr(3)\\\\\n",
       "\\hline\n",
       "\tclass 1:  & 0.5476726  & 0.03033633 & 0.4219911 \\\\\n",
       "\tclass 2:  & 0.2529474  & 0.56581158 & 0.1812410 \\\\\n",
       "\tclass 3:  & 0.5285850  & 0.20643733 & 0.2649777 \\\\\n",
       "\\end{tabular}\n",
       "\n",
       "\\item[\\$anonProtected] \\begin{tabular}{r|lll}\n",
       "  & Pr(1) & Pr(2) & Pr(3)\\\\\n",
       "\\hline\n",
       "\tclass 1:  & 0.8649082    & 0.0791176    & 5.597423e-02\\\\\n",
       "\tclass 2:  & 0.3787851    & 0.6212149    & 4.869347e-66\\\\\n",
       "\tclass 3:  & 0.7042347    & 0.1778710    & 1.178943e-01\\\\\n",
       "\\end{tabular}\n",
       "\n",
       "\\item[\\$askLeaveDiff] \\begin{tabular}{r|llllll}\n",
       "  & Pr(1) & Pr(2) & Pr(3) & Pr(4) & Pr(5) & Pr(6)\\\\\n",
       "\\hline\n",
       "\tclass 1:  & 0.20759913    & 0.2659001     & 0.2399045     &  2.774653e-11 & 0.12242258    & 0.16417369   \\\\\n",
       "\tclass 2:  & 0.40340612    & 0.3395392     & 0.1364857     & 7.443782e-313 & 0.07548902    & 0.04507992   \\\\\n",
       "\tclass 3:  & 0.05098043    & 0.1496780     & 0.1537241     &  2.191933e-01 & 0.27128340    & 0.15514075   \\\\\n",
       "\\end{tabular}\n",
       "\n",
       "\\item[\\$negConsDiscMH] \\begin{tabular}{r|lll}\n",
       "  & Pr(1) & Pr(2) & Pr(3)\\\\\n",
       "\\hline\n",
       "\tclass 1:  & 0.55936678   & 0.4406332    & 4.360700e-68\\\\\n",
       "\tclass 2:  & 0.78683503   & 0.2063713    & 6.793659e-03\\\\\n",
       "\tclass 3:  & 0.01372454   & 0.5362477    & 4.500278e-01\\\\\n",
       "\\end{tabular}\n",
       "\n",
       "\\item[\\$negConsDiscPH] \\begin{tabular}{r|lll}\n",
       "  & Pr(1) & Pr(2) & Pr(3)\\\\\n",
       "\\hline\n",
       "\tclass 1:  & 0.9015073  & 0.09849273 & 0.00000000\\\\\n",
       "\tclass 2:  & 0.9087820  & 0.09121797 & 0.00000000\\\\\n",
       "\tclass 3:  & 0.4762074  & 0.44260986 & 0.08118272\\\\\n",
       "\\end{tabular}\n",
       "\n",
       "\\item[\\$coworkComfMHD] \\begin{tabular}{r|lll}\n",
       "  & Pr(1) & Pr(2) & Pr(3)\\\\\n",
       "\\hline\n",
       "\tclass 1:  & 0.5850546  & 0.23937312 & 0.17557232\\\\\n",
       "\tclass 2:  & 0.4416065  & 0.51536516 & 0.04302838\\\\\n",
       "\tclass 3:  & 0.3401605  & 0.05609075 & 0.60374879\\\\\n",
       "\\end{tabular}\n",
       "\n",
       "\\item[\\$superComfMHD] \\begin{tabular}{r|lll}\n",
       "  & Pr(1) & Pr(2) & Pr(3)\\\\\n",
       "\\hline\n",
       "\tclass 1:  & 0.35724820  & 0.5306085   & 0.112143335\\\\\n",
       "\tclass 2:  & 0.87569818  & 0.1174421   & 0.006859767\\\\\n",
       "\tclass 3:  & 0.08894139  & 0.3512466   & 0.559811971\\\\\n",
       "\\end{tabular}\n",
       "\n",
       "\\item[\\$empSeriousMH] \\begin{tabular}{r|lll}\n",
       "  & Pr(1) & Pr(2) & Pr(3)\\\\\n",
       "\\hline\n",
       "\tclass 1:  & 0.6435654 & 0.2152881 & 0.1411465\\\\\n",
       "\tclass 2:  & 0.1913052 & 0.6759570 & 0.1327377\\\\\n",
       "\tclass 3:  & 0.4511753 & 0.1011147 & 0.4477100\\\\\n",
       "\\end{tabular}\n",
       "\n",
       "\\item[\\$heardNegConsMH] \\begin{tabular}{r|ll}\n",
       "  & Pr(1) & Pr(2)\\\\\n",
       "\\hline\n",
       "\tclass 1:  & 0.9877511  & 0.01224893\\\\\n",
       "\tclass 2:  & 0.9520863  & 0.04791371\\\\\n",
       "\tclass 3:  & 0.8495859  & 0.15041405\\\\\n",
       "\\end{tabular}\n",
       "\n",
       "\\item[\\$discInterviewPH] \\begin{tabular}{r|lll}\n",
       "  & Pr(1) & Pr(2) & Pr(3)\\\\\n",
       "\\hline\n",
       "\tclass 1:  & 0.5228792 & 0.2932307 & 0.1838901\\\\\n",
       "\tclass 2:  & 0.4078881 & 0.3292150 & 0.2628970\\\\\n",
       "\tclass 3:  & 0.3668165 & 0.1510890 & 0.4820945\\\\\n",
       "\\end{tabular}\n",
       "\n",
       "\\item[\\$discInterviewMH] \\begin{tabular}{r|lll}\n",
       "  & Pr(1) & Pr(2) & Pr(3)\\\\\n",
       "\\hline\n",
       "\tclass 1:  & 0.4067476 & 0.4893513 & 0.1039010\\\\\n",
       "\tclass 2:  & 0.4208812 & 0.4305374 & 0.1485814\\\\\n",
       "\tclass 3:  & 0.1208965 & 0.8563080 & 0.0227955\\\\\n",
       "\\end{tabular}\n",
       "\n",
       "\\item[\\$hurtCareerMH] \\begin{tabular}{r|lllll}\n",
       "  & Pr(1) & Pr(2) & Pr(3) & Pr(4) & Pr(5)\\\\\n",
       "\\hline\n",
       "\tclass 1:  & 0.6680637     & 1.239090e-01  & 0.1814641     &  1.199368e-02 & 0.01456951   \\\\\n",
       "\tclass 2:  & 0.5004982     & 2.530836e-01  & 0.1136515     &  8.449795e-02 & 0.04826868   \\\\\n",
       "\tclass 3:  & 0.1571125     & 2.624015e-98  & 0.7145163     & 3.734120e-178 & 0.12837115   \\\\\n",
       "\\end{tabular}\n",
       "\n",
       "\\item[\\$teamNegMH] \\begin{tabular}{r|lllll}\n",
       "  & Pr(1) & Pr(2) & Pr(3) & Pr(4) & Pr(5)\\\\\n",
       "\\hline\n",
       "\tclass 1:  & 0.38829324  & 0.5330610   & 0.01183862  & 0.05109429  & 0.015712897\\\\\n",
       "\tclass 2:  & 0.44312437  & 0.3622803   & 0.01246846  & 0.05322270  & 0.128904187\\\\\n",
       "\tclass 3:  & 0.06912633  & 0.3058124   & 0.04476435  & 0.57621775  & 0.004079122\\\\\n",
       "\\end{tabular}\n",
       "\n",
       "\\item[\\$observeBadResponseMH] \\begin{tabular}{r|lllll}\n",
       "  & Pr(1) & Pr(2) & Pr(3) & Pr(4) & Pr(5)\\\\\n",
       "\\hline\n",
       "\tclass 1:  & 0.5759585  & 0.2287329  & 0.02023198 & 0.1234917  & 0.05158498\\\\\n",
       "\tclass 2:  & 0.4909702  & 0.1950338  & 0.14048537 & 0.1499544  & 0.02355625\\\\\n",
       "\tclass 3:  & 0.2842630  & 0.2918597  & 0.18003059 & 0.1999229  & 0.04392381\\\\\n",
       "\\end{tabular}\n",
       "\n",
       "\\end{description}\n"
      ],
      "text/markdown": [
       "$empPrimTech\n",
       ":   \n",
       "| <!--/--> | Pr(1) | Pr(2) | \n",
       "|---|---|---|\n",
       "| class 1:  | 0.8244730 | 0.1755270 | \n",
       "| class 2:  | 0.7556236 | 0.2443764 | \n",
       "| class 3:  | 0.7313169 | 0.2686831 | \n",
       "\n",
       "\n",
       "\n",
       "$empProvideMHB\n",
       ":   \n",
       "| <!--/--> | Pr(1) | Pr(2) | Pr(3) | Pr(4) | \n",
       "|---|---|---|\n",
       "| class 1:  | 0.07427009 | 0.22916795 | 0.2261028  | 0.4704592  | \n",
       "| class 2:  | 0.06018964 | 0.06937303 | 0.7134120  | 0.1570253  | \n",
       "| class 3:  | 0.07747540 | 0.23044875 | 0.4827873  | 0.2092886  | \n",
       "\n",
       "\n",
       "\n",
       "$knowMHB\n",
       ":   \n",
       "| <!--/--> | Pr(1) | Pr(2) | Pr(3) | Pr(4) | \n",
       "|---|---|---|\n",
       "| class 1:  | 0.14796891 | 0.09327078 | 0.3717736  | 0.3869867  | \n",
       "| class 2:  | 0.10042556 | 0.48110518 | 0.2825578  | 0.1359115  | \n",
       "| class 3:  | 0.09981376 | 0.25939416 | 0.2615314  | 0.3792607  | \n",
       "\n",
       "\n",
       "\n",
       "$empDiscMH\n",
       ":   \n",
       "| <!--/--> | Pr(1) | Pr(2) | Pr(3) | \n",
       "|---|---|---|\n",
       "| class 1:  | 0.8394722  | 0.04933336 | 0.11119440 | \n",
       "| class 2:  | 0.4473752  | 0.46926465 | 0.08336010 | \n",
       "| class 3:  | 0.8245459  | 0.12139603 | 0.05405804 | \n",
       "\n",
       "\n",
       "\n",
       "$empResourceMH\n",
       ":   \n",
       "| <!--/--> | Pr(1) | Pr(2) | Pr(3) | \n",
       "|---|---|---|\n",
       "| class 1:  | 0.5476726  | 0.03033633 | 0.4219911  | \n",
       "| class 2:  | 0.2529474  | 0.56581158 | 0.1812410  | \n",
       "| class 3:  | 0.5285850  | 0.20643733 | 0.2649777  | \n",
       "\n",
       "\n",
       "\n",
       "$anonProtected\n",
       ":   \n",
       "| <!--/--> | Pr(1) | Pr(2) | Pr(3) | \n",
       "|---|---|---|\n",
       "| class 1:  | 0.8649082    | 0.0791176    | 5.597423e-02 | \n",
       "| class 2:  | 0.3787851    | 0.6212149    | 4.869347e-66 | \n",
       "| class 3:  | 0.7042347    | 0.1778710    | 1.178943e-01 | \n",
       "\n",
       "\n",
       "\n",
       "$askLeaveDiff\n",
       ":   \n",
       "| <!--/--> | Pr(1) | Pr(2) | Pr(3) | Pr(4) | Pr(5) | Pr(6) | \n",
       "|---|---|---|\n",
       "| class 1:  | 0.20759913    | 0.2659001     | 0.2399045     |  2.774653e-11 | 0.12242258    | 0.16417369    | \n",
       "| class 2:  | 0.40340612    | 0.3395392     | 0.1364857     | 7.443782e-313 | 0.07548902    | 0.04507992    | \n",
       "| class 3:  | 0.05098043    | 0.1496780     | 0.1537241     |  2.191933e-01 | 0.27128340    | 0.15514075    | \n",
       "\n",
       "\n",
       "\n",
       "$negConsDiscMH\n",
       ":   \n",
       "| <!--/--> | Pr(1) | Pr(2) | Pr(3) | \n",
       "|---|---|---|\n",
       "| class 1:  | 0.55936678   | 0.4406332    | 4.360700e-68 | \n",
       "| class 2:  | 0.78683503   | 0.2063713    | 6.793659e-03 | \n",
       "| class 3:  | 0.01372454   | 0.5362477    | 4.500278e-01 | \n",
       "\n",
       "\n",
       "\n",
       "$negConsDiscPH\n",
       ":   \n",
       "| <!--/--> | Pr(1) | Pr(2) | Pr(3) | \n",
       "|---|---|---|\n",
       "| class 1:  | 0.9015073  | 0.09849273 | 0.00000000 | \n",
       "| class 2:  | 0.9087820  | 0.09121797 | 0.00000000 | \n",
       "| class 3:  | 0.4762074  | 0.44260986 | 0.08118272 | \n",
       "\n",
       "\n",
       "\n",
       "$coworkComfMHD\n",
       ":   \n",
       "| <!--/--> | Pr(1) | Pr(2) | Pr(3) | \n",
       "|---|---|---|\n",
       "| class 1:  | 0.5850546  | 0.23937312 | 0.17557232 | \n",
       "| class 2:  | 0.4416065  | 0.51536516 | 0.04302838 | \n",
       "| class 3:  | 0.3401605  | 0.05609075 | 0.60374879 | \n",
       "\n",
       "\n",
       "\n",
       "$superComfMHD\n",
       ":   \n",
       "| <!--/--> | Pr(1) | Pr(2) | Pr(3) | \n",
       "|---|---|---|\n",
       "| class 1:  | 0.35724820  | 0.5306085   | 0.112143335 | \n",
       "| class 2:  | 0.87569818  | 0.1174421   | 0.006859767 | \n",
       "| class 3:  | 0.08894139  | 0.3512466   | 0.559811971 | \n",
       "\n",
       "\n",
       "\n",
       "$empSeriousMH\n",
       ":   \n",
       "| <!--/--> | Pr(1) | Pr(2) | Pr(3) | \n",
       "|---|---|---|\n",
       "| class 1:  | 0.6435654 | 0.2152881 | 0.1411465 | \n",
       "| class 2:  | 0.1913052 | 0.6759570 | 0.1327377 | \n",
       "| class 3:  | 0.4511753 | 0.1011147 | 0.4477100 | \n",
       "\n",
       "\n",
       "\n",
       "$heardNegConsMH\n",
       ":   \n",
       "| <!--/--> | Pr(1) | Pr(2) | \n",
       "|---|---|---|\n",
       "| class 1:  | 0.9877511  | 0.01224893 | \n",
       "| class 2:  | 0.9520863  | 0.04791371 | \n",
       "| class 3:  | 0.8495859  | 0.15041405 | \n",
       "\n",
       "\n",
       "\n",
       "$discInterviewPH\n",
       ":   \n",
       "| <!--/--> | Pr(1) | Pr(2) | Pr(3) | \n",
       "|---|---|---|\n",
       "| class 1:  | 0.5228792 | 0.2932307 | 0.1838901 | \n",
       "| class 2:  | 0.4078881 | 0.3292150 | 0.2628970 | \n",
       "| class 3:  | 0.3668165 | 0.1510890 | 0.4820945 | \n",
       "\n",
       "\n",
       "\n",
       "$discInterviewMH\n",
       ":   \n",
       "| <!--/--> | Pr(1) | Pr(2) | Pr(3) | \n",
       "|---|---|---|\n",
       "| class 1:  | 0.4067476 | 0.4893513 | 0.1039010 | \n",
       "| class 2:  | 0.4208812 | 0.4305374 | 0.1485814 | \n",
       "| class 3:  | 0.1208965 | 0.8563080 | 0.0227955 | \n",
       "\n",
       "\n",
       "\n",
       "$hurtCareerMH\n",
       ":   \n",
       "| <!--/--> | Pr(1) | Pr(2) | Pr(3) | Pr(4) | Pr(5) | \n",
       "|---|---|---|\n",
       "| class 1:  | 0.6680637     | 1.239090e-01  | 0.1814641     |  1.199368e-02 | 0.01456951    | \n",
       "| class 2:  | 0.5004982     | 2.530836e-01  | 0.1136515     |  8.449795e-02 | 0.04826868    | \n",
       "| class 3:  | 0.1571125     | 2.624015e-98  | 0.7145163     | 3.734120e-178 | 0.12837115    | \n",
       "\n",
       "\n",
       "\n",
       "$teamNegMH\n",
       ":   \n",
       "| <!--/--> | Pr(1) | Pr(2) | Pr(3) | Pr(4) | Pr(5) | \n",
       "|---|---|---|\n",
       "| class 1:  | 0.38829324  | 0.5330610   | 0.01183862  | 0.05109429  | 0.015712897 | \n",
       "| class 2:  | 0.44312437  | 0.3622803   | 0.01246846  | 0.05322270  | 0.128904187 | \n",
       "| class 3:  | 0.06912633  | 0.3058124   | 0.04476435  | 0.57621775  | 0.004079122 | \n",
       "\n",
       "\n",
       "\n",
       "$observeBadResponseMH\n",
       ":   \n",
       "| <!--/--> | Pr(1) | Pr(2) | Pr(3) | Pr(4) | Pr(5) | \n",
       "|---|---|---|\n",
       "| class 1:  | 0.5759585  | 0.2287329  | 0.02023198 | 0.1234917  | 0.05158498 | \n",
       "| class 2:  | 0.4909702  | 0.1950338  | 0.14048537 | 0.1499544  | 0.02355625 | \n",
       "| class 3:  | 0.2842630  | 0.2918597  | 0.18003059 | 0.1999229  | 0.04392381 | \n",
       "\n",
       "\n",
       "\n",
       "\n",
       "\n"
      ],
      "text/plain": [
       "$empPrimTech\n",
       "              Pr(1)     Pr(2)\n",
       "class 1:  0.8244730 0.1755270\n",
       "class 2:  0.7556236 0.2443764\n",
       "class 3:  0.7313169 0.2686831\n",
       "\n",
       "$empProvideMHB\n",
       "               Pr(1)      Pr(2)     Pr(3)     Pr(4)\n",
       "class 1:  0.07427009 0.22916795 0.2261028 0.4704592\n",
       "class 2:  0.06018964 0.06937303 0.7134120 0.1570253\n",
       "class 3:  0.07747540 0.23044875 0.4827873 0.2092886\n",
       "\n",
       "$knowMHB\n",
       "               Pr(1)      Pr(2)     Pr(3)     Pr(4)\n",
       "class 1:  0.14796891 0.09327078 0.3717736 0.3869867\n",
       "class 2:  0.10042556 0.48110518 0.2825578 0.1359115\n",
       "class 3:  0.09981376 0.25939416 0.2615314 0.3792607\n",
       "\n",
       "$empDiscMH\n",
       "              Pr(1)      Pr(2)      Pr(3)\n",
       "class 1:  0.8394722 0.04933336 0.11119440\n",
       "class 2:  0.4473752 0.46926465 0.08336010\n",
       "class 3:  0.8245459 0.12139603 0.05405804\n",
       "\n",
       "$empResourceMH\n",
       "              Pr(1)      Pr(2)     Pr(3)\n",
       "class 1:  0.5476726 0.03033633 0.4219911\n",
       "class 2:  0.2529474 0.56581158 0.1812410\n",
       "class 3:  0.5285850 0.20643733 0.2649777\n",
       "\n",
       "$anonProtected\n",
       "              Pr(1)     Pr(2)        Pr(3)\n",
       "class 1:  0.8649082 0.0791176 5.597423e-02\n",
       "class 2:  0.3787851 0.6212149 4.869347e-66\n",
       "class 3:  0.7042347 0.1778710 1.178943e-01\n",
       "\n",
       "$askLeaveDiff\n",
       "               Pr(1)     Pr(2)     Pr(3)         Pr(4)      Pr(5)      Pr(6)\n",
       "class 1:  0.20759913 0.2659001 0.2399045  2.774653e-11 0.12242258 0.16417369\n",
       "class 2:  0.40340612 0.3395392 0.1364857 7.443782e-313 0.07548902 0.04507992\n",
       "class 3:  0.05098043 0.1496780 0.1537241  2.191933e-01 0.27128340 0.15514075\n",
       "\n",
       "$negConsDiscMH\n",
       "               Pr(1)     Pr(2)        Pr(3)\n",
       "class 1:  0.55936678 0.4406332 4.360700e-68\n",
       "class 2:  0.78683503 0.2063713 6.793659e-03\n",
       "class 3:  0.01372454 0.5362477 4.500278e-01\n",
       "\n",
       "$negConsDiscPH\n",
       "              Pr(1)      Pr(2)      Pr(3)\n",
       "class 1:  0.9015073 0.09849273 0.00000000\n",
       "class 2:  0.9087820 0.09121797 0.00000000\n",
       "class 3:  0.4762074 0.44260986 0.08118272\n",
       "\n",
       "$coworkComfMHD\n",
       "              Pr(1)      Pr(2)      Pr(3)\n",
       "class 1:  0.5850546 0.23937312 0.17557232\n",
       "class 2:  0.4416065 0.51536516 0.04302838\n",
       "class 3:  0.3401605 0.05609075 0.60374879\n",
       "\n",
       "$superComfMHD\n",
       "               Pr(1)     Pr(2)       Pr(3)\n",
       "class 1:  0.35724820 0.5306085 0.112143335\n",
       "class 2:  0.87569818 0.1174421 0.006859767\n",
       "class 3:  0.08894139 0.3512466 0.559811971\n",
       "\n",
       "$empSeriousMH\n",
       "              Pr(1)     Pr(2)     Pr(3)\n",
       "class 1:  0.6435654 0.2152881 0.1411465\n",
       "class 2:  0.1913052 0.6759570 0.1327377\n",
       "class 3:  0.4511753 0.1011147 0.4477100\n",
       "\n",
       "$heardNegConsMH\n",
       "              Pr(1)      Pr(2)\n",
       "class 1:  0.9877511 0.01224893\n",
       "class 2:  0.9520863 0.04791371\n",
       "class 3:  0.8495859 0.15041405\n",
       "\n",
       "$discInterviewPH\n",
       "              Pr(1)     Pr(2)     Pr(3)\n",
       "class 1:  0.5228792 0.2932307 0.1838901\n",
       "class 2:  0.4078881 0.3292150 0.2628970\n",
       "class 3:  0.3668165 0.1510890 0.4820945\n",
       "\n",
       "$discInterviewMH\n",
       "              Pr(1)     Pr(2)     Pr(3)\n",
       "class 1:  0.4067476 0.4893513 0.1039010\n",
       "class 2:  0.4208812 0.4305374 0.1485814\n",
       "class 3:  0.1208965 0.8563080 0.0227955\n",
       "\n",
       "$hurtCareerMH\n",
       "              Pr(1)        Pr(2)     Pr(3)         Pr(4)      Pr(5)\n",
       "class 1:  0.6680637 1.239090e-01 0.1814641  1.199368e-02 0.01456951\n",
       "class 2:  0.5004982 2.530836e-01 0.1136515  8.449795e-02 0.04826868\n",
       "class 3:  0.1571125 2.624015e-98 0.7145163 3.734120e-178 0.12837115\n",
       "\n",
       "$teamNegMH\n",
       "               Pr(1)     Pr(2)      Pr(3)      Pr(4)       Pr(5)\n",
       "class 1:  0.38829324 0.5330610 0.01183862 0.05109429 0.015712897\n",
       "class 2:  0.44312437 0.3622803 0.01246846 0.05322270 0.128904187\n",
       "class 3:  0.06912633 0.3058124 0.04476435 0.57621775 0.004079122\n",
       "\n",
       "$observeBadResponseMH\n",
       "              Pr(1)     Pr(2)      Pr(3)     Pr(4)      Pr(5)\n",
       "class 1:  0.5759585 0.2287329 0.02023198 0.1234917 0.05158498\n",
       "class 2:  0.4909702 0.1950338 0.14048537 0.1499544 0.02355625\n",
       "class 3:  0.2842630 0.2918597 0.18003059 0.1999229 0.04392381\n"
      ]
     },
     "metadata": {},
     "output_type": "display_data"
    }
   ],
   "source": [
    "finalMod.lcm$probs"
   ]
  },
  {
   "cell_type": "markdown",
   "metadata": {},
   "source": [
    "We see interesting results from the following tables:\n",
    "\n",
    "* ```empProvideMHB```\n",
    "\n",
    "* ```knowMHB```\n",
    "\n",
    "* ```empDiscMH```\n",
    "\n",
    "* ```anonProtected```\n",
    "\n",
    "* ```askLeaveDiff```\n",
    "\n",
    "* ```negConsDiscMH```\n",
    "\n",
    "* ```negConsDiscPH```\n",
    "\n",
    "* ```coworkComfMHD```\n",
    "\n",
    "* ```superComfMHD```\n",
    "\n",
    "* ```discInterviewMH```\n",
    "\n",
    "* ```hurtCareerMH```\n",
    "\n",
    "* ```teamNegMH```\n",
    "\n",
    "* ```observeBadResponseMH```"
   ]
  },
  {
   "cell_type": "code",
   "execution_count": 231,
   "metadata": {
    "collapsed": false,
    "scrolled": false
   },
   "outputs": [
    {
     "data": {
      "text/html": [
       "<table>\n",
       "<thead><tr><th></th><th scope=col>Not eligible for coverage / N/A</th><th scope=col>No</th><th scope=col>Yes</th><th scope=col>I don't know</th></tr></thead>\n",
       "<tbody>\n",
       "\t<tr><th scope=row>class 1: </th><td>0.07427009</td><td>0.22916795</td><td>0.2261028 </td><td>0.4704592 </td></tr>\n",
       "\t<tr><th scope=row>class 2: </th><td>0.06018964</td><td>0.06937303</td><td>0.7134120 </td><td>0.1570253 </td></tr>\n",
       "\t<tr><th scope=row>class 3: </th><td>0.07747540</td><td>0.23044875</td><td>0.4827873 </td><td>0.2092886 </td></tr>\n",
       "</tbody>\n",
       "</table>\n"
      ],
      "text/latex": [
       "\\begin{tabular}{r|llll}\n",
       "  & Not eligible for coverage / N/A & No & Yes & I don't know\\\\\n",
       "\\hline\n",
       "\tclass 1:  & 0.07427009 & 0.22916795 & 0.2261028  & 0.4704592 \\\\\n",
       "\tclass 2:  & 0.06018964 & 0.06937303 & 0.7134120  & 0.1570253 \\\\\n",
       "\tclass 3:  & 0.07747540 & 0.23044875 & 0.4827873  & 0.2092886 \\\\\n",
       "\\end{tabular}\n"
      ],
      "text/markdown": [
       "\n",
       "| <!--/--> | Not eligible for coverage / N/A | No | Yes | I don't know | \n",
       "|---|---|---|\n",
       "| class 1:  | 0.07427009 | 0.22916795 | 0.2261028  | 0.4704592  | \n",
       "| class 2:  | 0.06018964 | 0.06937303 | 0.7134120  | 0.1570253  | \n",
       "| class 3:  | 0.07747540 | 0.23044875 | 0.4827873  | 0.2092886  | \n",
       "\n",
       "\n"
      ],
      "text/plain": [
       "          Not eligible for coverage / N/A No         Yes       I don't know\n",
       "class 1:  0.07427009                      0.22916795 0.2261028 0.4704592   \n",
       "class 2:  0.06018964                      0.06937303 0.7134120 0.1570253   \n",
       "class 3:  0.07747540                      0.23044875 0.4827873 0.2092886   "
      ]
     },
     "metadata": {},
     "output_type": "display_data"
    }
   ],
   "source": [
    "displayTable(finalMod.lcm,\"empProvideMHB\")"
   ]
  },
  {
   "cell_type": "markdown",
   "metadata": {},
   "source": [
    "_Table 2: Conditional Probabilities on Answers to the question \"Does your employer provide mental health benefits as part of healthcare coverage?\" ._\n",
    "\n",
    "We see a start effect beginning to occur in these classes. It is apparent that Class $2$ has a higher chance of having mental health coverage than classes $1$ and $3$. However, For Class $1$, this is because of an uncertainty about available coverage (\"I don't know\"), while this is more evenly distributed across outcomes for class $3$. This to some extent suggests that we have a class that has good coverage, and two classes that either primarily don't or are uncertain about available coverage."
   ]
  },
  {
   "cell_type": "code",
   "execution_count": 232,
   "metadata": {
    "collapsed": false
   },
   "outputs": [
