{
 "cells": [
  {
   "cell_type": "markdown",
   "metadata": {},
   "source": [
    "# OSMI Mental Health In Tech Survey 2016 : Inference on Cluster Analysis\n",
    "\n",
    "_By [Michael Rosenberg](mmrosenb@andrew.cmu.edu)._"
   ]
  },
  {
   "cell_type": "code",
   "execution_count": 5,
   "metadata": {
    "collapsed": false
   },
   "outputs": [
    {
     "name": "stderr",
     "output_type": "stream",
     "text": [
      "Loading required package: scatterplot3d\n",
      "Warning message:\n",
      ": package ‘scatterplot3d’ was built under R version 3.2.5Loading required package: MASS\n"
     ]
    }
   ],
   "source": [
    "#imports\n",
    "library(poLCA)\n",
    "\n",
    "#constants\n",
    "sigLev = 3\n",
    "percentMul = 100\n",
    "options(warn=-1)"
   ]
  },
  {
   "cell_type": "code",
   "execution_count": 6,
   "metadata": {
    "collapsed": true
   },
   "outputs": [],
   "source": [
    "#load in data\n",
    "inferenceFrame = read.csv(\"../data/processed/clusterData_inference.csv\")\n",
    "finalMod.lcm = readRDS(\"../models/finalClusterModel.rds\")"
   ]
  },
  {
   "cell_type": "markdown",
   "metadata": {},
   "source": [
    "# Recap"
   ]
  },
  {
   "cell_type": "markdown",
   "metadata": {},
   "source": [
    "# Model Study"
   ]
  },
  {
   "cell_type": "code",
   "execution_count": 7,
   "metadata": {
    "collapsed": false
   },
   "outputs": [
    {
     "data": {
      "text/html": [
       "<table>\n",
       "<thead><tr><th scope=col>class</th><th scope=col>prior</th></tr></thead>\n",
       "<tbody>\n",
       "\t<tr><td>Class 1</td><td>0.233  </td></tr>\n",
       "\t<tr><td>Class 2</td><td>0.308  </td></tr>\n",
       "\t<tr><td>Class 3</td><td>0.459  </td></tr>\n",
       "</tbody>\n",
       "</table>\n"
      ],
      "text/latex": [
       "\\begin{tabular}{r|ll}\n",
       " class & prior\\\\\n",
       "\\hline\n",
       "\t Class 1 & 0.233  \\\\\n",
       "\t Class 2 & 0.308  \\\\\n",
       "\t Class 3 & 0.459  \\\\\n",
       "\\end{tabular}\n"
      ],
      "text/markdown": [
       "\n",
       "class | prior | \n",
       "|---|---|---|\n",
       "| Class 1 | 0.233   | \n",
       "| Class 2 | 0.308   | \n",
       "| Class 3 | 0.459   | \n",
       "\n",
       "\n"
      ],
      "text/plain": [
       "  class   prior\n",
       "1 Class 1 0.233\n",
       "2 Class 2 0.308\n",
       "3 Class 3 0.459"
      ]
     },
     "metadata": {},
     "output_type": "display_data"
    }
   ],
   "source": [
    "priorFrame = data.frame(class = c(\"Class 1\",\"Class 2\",\"Class 3\"),\n",
    "                        prior = signif(finalMod.lcm$P,sigLev))\n",
    "priorFrame"
   ]
  },
  {
   "cell_type": "markdown",
   "metadata": {},
   "source": [
    "_Table 1: Our prior distribution over our classes._\n",
    "\n",
    "We see that Class $3$ is more frequent than the other two, and Class $1$ is the least frequent of the three in our estimates."
   ]
  },
  {
   "cell_type": "code",
   "execution_count": 8,
   "metadata": {
    "collapsed": false
   },
   "outputs": [],
   "source": [
    "displayTable <- function(givenMod,varName){\n",
    "    #helper for producing table\n",
    "    #first, get discrete encoding\n",
    "    dEncodeFilename = paste0(\"../data/preprocessed/discreteEncodings/\",\n",
    "                             varName,\".csv\")\n",
    "    dEncodeFrame = read.csv(dEncodeFilename)\n",
    "    #get levels\n",
    "    dEncodeLevels = dEncodeFrame$level\n",
    "    givenModTable = givenMod$probs[[varName]]\n",
    "    colnames(givenModTable) = dEncodeLevels\n",
    "    #then export\n",
    "    return(givenModTable)\n",
    "}"
   ]
  },
  {
   "cell_type": "code",
   "execution_count": 9,
   "metadata": {
    "collapsed": false
   },
   "outputs": [
    {
     "data": {
      "text/html": [
       "<dl>\n",
       "\t<dt>$empPrimTech</dt>\n",
       "\t\t<dd><table>\n",
       "<thead><tr><th></th><th scope=col>Pr(1)</th><th scope=col>Pr(2)</th></tr></thead>\n",
       "<tbody>\n",
       "\t<tr><th scope=row>class 1: </th><td>0.8359225</td><td>0.1640775</td></tr>\n",
       "\t<tr><th scope=row>class 2: </th><td>0.7709561</td><td>0.2290439</td></tr>\n",
       "\t<tr><th scope=row>class 3: </th><td>0.7730964</td><td>0.2269036</td></tr>\n",
       "</tbody>\n",
       "</table>\n",
       "</dd>\n",
       "\t<dt>$empProvideMHB</dt>\n",
       "\t\t<dd><table>\n",
       "<thead><tr><th></th><th scope=col>Pr(1)</th><th scope=col>Pr(2)</th><th scope=col>Pr(3)</th><th scope=col>Pr(4)</th></tr></thead>\n",
       "<tbody>\n",
       "\t<tr><th scope=row>class 1: </th><td>0.07254154</td><td>0.23760999</td><td>0.2132260 </td><td>0.4766225 </td></tr>\n",
       "\t<tr><th scope=row>class 2: </th><td>0.05840014</td><td>0.05408957</td><td>0.7560380 </td><td>0.1314723 </td></tr>\n",
       "\t<tr><th scope=row>class 3: </th><td>0.05325955</td><td>0.26119783</td><td>0.4569326 </td><td>0.2286100 </td></tr>\n",
       "</tbody>\n",
       "</table>\n",
       "</dd>\n",
       "\t<dt>$knowMHB</dt>\n",
       "\t\t<dd><table>\n",
       "<thead><tr><th></th><th scope=col>Pr(1)</th><th scope=col>Pr(2)</th><th scope=col>Pr(3)</th><th scope=col>Pr(4)</th></tr></thead>\n",
       "<tbody>\n",
       "\t<tr><th scope=row>class 1: </th><td>0.15022626</td><td>0.05478697</td><td>0.4326374 </td><td>0.3623493 </td></tr>\n",
       "\t<tr><th scope=row>class 2: </th><td>0.07604114</td><td>0.48916788</td><td>0.2801031 </td><td>0.1546879 </td></tr>\n",
       "\t<tr><th scope=row>class 3: </th><td>0.11221712</td><td>0.23351002</td><td>0.2425633 </td><td>0.4117096 </td></tr>\n",
       "</tbody>\n",
       "</table>\n",
       "</dd>\n",
       "\t<dt>$empDiscMH</dt>\n",
       "\t\t<dd><table>\n",
       "<thead><tr><th></th><th scope=col>Pr(1)</th><th scope=col>Pr(2)</th><th scope=col>Pr(3)</th></tr></thead>\n",
       "<tbody>\n",
       "\t<tr><th scope=row>class 1: </th><td>0.8268065 </td><td>0.09619070</td><td>0.07700283</td></tr>\n",
       "\t<tr><th scope=row>class 2: </th><td>0.4613015 </td><td>0.41340284</td><td>0.12529561</td></tr>\n",
       "\t<tr><th scope=row>class 3: </th><td>0.8484028 </td><td>0.08461768</td><td>0.06697952</td></tr>\n",
       "</tbody>\n",
       "</table>\n",
       "</dd>\n",
       "\t<dt>$empResourceMH</dt>\n",
       "\t\t<dd><table>\n",
       "<thead><tr><th></th><th scope=col>Pr(1)</th><th scope=col>Pr(2)</th><th scope=col>Pr(3)</th></tr></thead>\n",
       "<tbody>\n",
       "\t<tr><th scope=row>class 1: </th><td>0.5421972 </td><td>0.02685068</td><td>0.4309521 </td></tr>\n",
       "\t<tr><th scope=row>class 2: </th><td>0.2422570 </td><td>0.53455901</td><td>0.2231840 </td></tr>\n",
       "\t<tr><th scope=row>class 3: </th><td>0.5391692 </td><td>0.18306936</td><td>0.2777614 </td></tr>\n",
       "</tbody>\n",
       "</table>\n",
       "</dd>\n",
       "\t<dt>$anonProtected</dt>\n",
       "\t\t<dd><table>\n",
       "<thead><tr><th></th><th scope=col>Pr(1)</th><th scope=col>Pr(2)</th><th scope=col>Pr(3)</th></tr></thead>\n",
       "<tbody>\n",
       "\t<tr><th scope=row>class 1: </th><td>0.8282152 </td><td>0.1152816 </td><td>0.05650320</td></tr>\n",
       "\t<tr><th scope=row>class 2: </th><td>0.4140339 </td><td>0.5658369 </td><td>0.02012927</td></tr>\n",
       "\t<tr><th scope=row>class 3: </th><td>0.7197262 </td><td>0.1666178 </td><td>0.11365600</td></tr>\n",
       "</tbody>\n",
       "</table>\n",
       "</dd>\n",
       "\t<dt>$askLeaveDiff</dt>\n",
       "\t\t<dd><table>\n",
       "<thead><tr><th></th><th scope=col>Pr(1)</th><th scope=col>Pr(2)</th><th scope=col>Pr(3)</th><th scope=col>Pr(4)</th><th scope=col>Pr(5)</th><th scope=col>Pr(6)</th></tr></thead>\n",
       "<tbody>\n",
       "\t<tr><th scope=row>class 1: </th><td>0.2832074    </td><td>0.3119473    </td><td>0.1879914    </td><td>7.837939e-110</td><td>0.05721014   </td><td>0.15964375   </td></tr>\n",
       "\t<tr><th scope=row>class 2: </th><td>0.3620897    </td><td>0.3397976    </td><td>0.1742625    </td><td> 6.094345e-04</td><td>0.08094537   </td><td>0.04229537   </td></tr>\n",
       "\t<tr><th scope=row>class 3: </th><td>0.0354451    </td><td>0.1574186    </td><td>0.1222418    </td><td> 2.010381e-01</td><td>0.31579841   </td><td>0.16805806   </td></tr>\n",
       "</tbody>\n",
       "</table>\n",
       "</dd>\n",
       "\t<dt>$negConsDiscMH</dt>\n",
       "\t\t<dd><table>\n",
       "<thead><tr><th></th><th scope=col>Pr(1)</th><th scope=col>Pr(2)</th><th scope=col>Pr(3)</th></tr></thead>\n",
       "<tbody>\n",
       "\t<tr><th scope=row>class 1: </th><td>0.65252864 </td><td>0.3375980  </td><td>0.009873356</td></tr>\n",
       "\t<tr><th scope=row>class 2: </th><td>0.72931761 </td><td>0.2611837  </td><td>0.009498698</td></tr>\n",
       "\t<tr><th scope=row>class 3: </th><td>0.04652611 </td><td>0.5809641  </td><td>0.372509812</td></tr>\n",
       "</tbody>\n",
       "</table>\n",
       "</dd>\n",
       "\t<dt>$negConsDiscPH</dt>\n",
       "\t\t<dd><table>\n",
       "<thead><tr><th></th><th scope=col>Pr(1)</th><th scope=col>Pr(2)</th><th scope=col>Pr(3)</th></tr></thead>\n",
       "<tbody>\n",
       "\t<tr><th scope=row>class 1: </th><td>0.8774045 </td><td>0.12259548</td><td>0.00000000</td></tr>\n",
       "\t<tr><th scope=row>class 2: </th><td>0.9299245 </td><td>0.07007545</td><td>0.00000000</td></tr>\n",
       "\t<tr><th scope=row>class 3: </th><td>0.5656848 </td><td>0.36589942</td><td>0.06841579</td></tr>\n",
       "</tbody>\n",
       "</table>\n",
       "</dd>\n",
       "\t<dt>$coworkComfMHD</dt>\n",
       "\t\t<dd><table>\n",
       "<thead><tr><th></th><th scope=col>Pr(1)</th><th scope=col>Pr(2)</th><th scope=col>Pr(3)</th></tr></thead>\n",
       "<tbody>\n",
       "\t<tr><th scope=row>class 1: </th><td>0.4581254 </td><td>0.31224981</td><td>0.22962476</td></tr>\n",
       "\t<tr><th scope=row>class 2: </th><td>0.4454543 </td><td>0.47854347</td><td>0.07600221</td></tr>\n",
       "\t<tr><th scope=row>class 3: </th><td>0.3848756 </td><td>0.03768085</td><td>0.57744359</td></tr>\n",
       "</tbody>\n",
       "</table>\n",
       "</dd>\n",
       "\t<dt>$superComfMHD</dt>\n",
       "\t\t<dd><table>\n",
       "<thead><tr><th></th><th scope=col>Pr(1)</th><th scope=col>Pr(2)</th><th scope=col>Pr(3)</th></tr></thead>\n",
       "<tbody>\n",
       "\t<tr><th scope=row>class 1: </th><td>0.43312037</td><td>0.3929292 </td><td>0.17395044</td></tr>\n",
       "\t<tr><th scope=row>class 2: </th><td>0.74893539</td><td>0.2378342 </td><td>0.01323045</td></tr>\n",
       "\t<tr><th scope=row>class 3: </th><td>0.07637307</td><td>0.4012771 </td><td>0.52234979</td></tr>\n",
       "</tbody>\n",
       "</table>\n",
       "</dd>\n",
       "\t<dt>$empSeriousMH</dt>\n",
       "\t\t<dd><table>\n",
       "<thead><tr><th></th><th scope=col>Pr(1)</th><th scope=col>Pr(2)</th><th scope=col>Pr(3)</th></tr></thead>\n",
       "<tbody>\n",
       "\t<tr><th scope=row>class 1: </th><td>0.5691986 </td><td>0.34782448</td><td>0.08297696</td></tr>\n",
       "\t<tr><th scope=row>class 2: </th><td>0.2554654 </td><td>0.62299575</td><td>0.12153885</td></tr>\n",
       "\t<tr><th scope=row>class 3: </th><td>0.4862003 </td><td>0.06724839</td><td>0.44655127</td></tr>\n",
       "</tbody>\n",
       "</table>\n",
       "</dd>\n",
       "\t<dt>$heardNegConsMH</dt>\n",
       "\t\t<dd><table>\n",
       "<thead><tr><th></th><th scope=col>Pr(1)</th><th scope=col>Pr(2)</th></tr></thead>\n",
       "<tbody>\n",
       "\t<tr><th scope=row>class 1: </th><td>1.0000000   </td><td>9.208077e-53</td></tr>\n",
       "\t<tr><th scope=row>class 2: </th><td>0.9398976   </td><td>6.010241e-02</td></tr>\n",
       "\t<tr><th scope=row>class 3: </th><td>0.8540335   </td><td>1.459665e-01</td></tr>\n",
       "</tbody>\n",
       "</table>\n",
       "</dd>\n",
       "\t<dt>$discInterviewPH</dt>\n",
       "\t\t<dd><table>\n",
       "<thead><tr><th></th><th scope=col>Pr(1)</th><th scope=col>Pr(2)</th><th scope=col>Pr(3)</th></tr></thead>\n",
       "<tbody>\n",
       "\t<tr><th scope=row>class 1: </th><td>0.4982662</td><td>0.3017119</td><td>0.2000219</td></tr>\n",
       "\t<tr><th scope=row>class 2: </th><td>0.3511962</td><td>0.3276310</td><td>0.3211728</td></tr>\n",
       "\t<tr><th scope=row>class 3: </th><td>0.3934506</td><td>0.2049769</td><td>0.4015725</td></tr>\n",
       "</tbody>\n",
       "</table>\n",
       "</dd>\n",
       "\t<dt>$discInterviewMH</dt>\n",
       "\t\t<dd><table>\n",
       "<thead><tr><th></th><th scope=col>Pr(1)</th><th scope=col>Pr(2)</th><th scope=col>Pr(3)</th></tr></thead>\n",
       "<tbody>\n",
       "\t<tr><th scope=row>class 1: </th><td>0.4596860 </td><td>0.3859938 </td><td>0.15432025</td></tr>\n",
       "\t<tr><th scope=row>class 2: </th><td>0.3367451 </td><td>0.5524647 </td><td>0.11079018</td></tr>\n",
       "\t<tr><th scope=row>class 3: </th><td>0.1566633 </td><td>0.8172988 </td><td>0.02603786</td></tr>\n",
       "</tbody>\n",
       "</table>\n",
       "</dd>\n",
       "\t<dt>$hurtCareerMH</dt>\n",
       "\t\t<dd><table>\n",
       "<thead><tr><th></th><th scope=col>Pr(1)</th><th scope=col>Pr(2)</th><th scope=col>Pr(3)</th><th scope=col>Pr(4)</th><th scope=col>Pr(5)</th></tr></thead>\n",
       "<tbody>\n",
       "\t<tr><th scope=row>class 1: </th><td>0.6822194    </td><td>0.168689236  </td><td>0.1426420    </td><td>1.114553e-170</td><td>0.006449366  </td></tr>\n",
       "\t<tr><th scope=row>class 2: </th><td>0.5293112    </td><td>0.161946069  </td><td>0.1848315    </td><td> 7.373392e-02</td><td>0.050177399  </td></tr>\n",
       "\t<tr><th scope=row>class 3: </th><td>0.2643034    </td><td>0.003464928  </td><td>0.6208978    </td><td> 0.000000e+00</td><td>0.111333963  </td></tr>\n",
       "</tbody>\n",
       "</table>\n",
       "</dd>\n",
       "\t<dt>$teamNegMH</dt>\n",
       "\t\t<dd><table>\n",
       "<thead><tr><th></th><th scope=col>Pr(1)</th><th scope=col>Pr(2)</th><th scope=col>Pr(3)</th><th scope=col>Pr(4)</th><th scope=col>Pr(5)</th></tr></thead>\n",
       "<tbody>\n",
       "\t<tr><th scope=row>class 1: </th><td>0.4602987  </td><td>0.4693969  </td><td>0.00000000 </td><td>0.06281794 </td><td>0.007486463</td></tr>\n",
       "\t<tr><th scope=row>class 2: </th><td>0.3897835  </td><td>0.4198091  </td><td>0.01006517 </td><td>0.08133395 </td><td>0.099008305</td></tr>\n",
       "\t<tr><th scope=row>class 3: </th><td>0.0523937  </td><td>0.3963379  </td><td>0.03886554 </td><td>0.51033614 </td><td>0.002066695</td></tr>\n",
       "</tbody>\n",
       "</table>\n",
       "</dd>\n",
       "\t<dt>$observeBadResponseMH</dt>\n",
       "\t\t<dd><table>\n",
       "<thead><tr><th></th><th scope=col>Pr(1)</th><th scope=col>Pr(2)</th><th scope=col>Pr(3)</th><th scope=col>Pr(4)</th><th scope=col>Pr(5)</th></tr></thead>\n",
       "<tbody>\n",
       "\t<tr><th scope=row>class 1: </th><td>0.8968312 </td><td>0.0000000 </td><td>0.0000000 </td><td>0.0000000 </td><td>0.10316876</td></tr>\n",
       "\t<tr><th scope=row>class 2: </th><td>0.4034889 </td><td>0.2186179 </td><td>0.1576748 </td><td>0.1991195 </td><td>0.02109894</td></tr>\n",
       "\t<tr><th scope=row>class 3: </th><td>0.2244436 </td><td>0.3400096 </td><td>0.1527968 </td><td>0.2428507 </td><td>0.03989936</td></tr>\n",
       "</tbody>\n",
       "</table>\n",
       "</dd>\n",
       "\t<dt>$revealLikelihoodMH</dt>\n",
       "\t\t<dd><table>\n",
       "<thead><tr><th></th><th scope=col>Pr(1)</th><th scope=col>Pr(2)</th><th scope=col>Pr(3)</th><th scope=col>Pr(4)</th><th scope=col>Pr(5)</th></tr></thead>\n",
       "<tbody>\n",
       "\t<tr><th scope=row>class 1: </th><td>1.0000000 </td><td>0.00000000</td><td>0.0000000 </td><td>0.0000000 </td><td>0.00000000</td></tr>\n",
       "\t<tr><th scope=row>class 2: </th><td>0.4245878 </td><td>0.09897664</td><td>0.2853808 </td><td>0.1402807 </td><td>0.05077399</td></tr>\n",
       "\t<tr><th scope=row>class 3: </th><td>0.2681438 </td><td>0.30235774</td><td>0.1812434 </td><td>0.1454488 </td><td>0.10280634</td></tr>\n",
       "</tbody>\n",
       "</table>\n",
       "</dd>\n",
       "</dl>\n"
      ],
      "text/latex": [
       "\\begin{description}\n",
       "\\item[\\$empPrimTech] \\begin{tabular}{r|ll}\n",
       "  & Pr(1) & Pr(2)\\\\\n",
       "\\hline\n",
       "\tclass 1:  & 0.8359225 & 0.1640775\\\\\n",
       "\tclass 2:  & 0.7709561 & 0.2290439\\\\\n",
       "\tclass 3:  & 0.7730964 & 0.2269036\\\\\n",
       "\\end{tabular}\n",
       "\n",
       "\\item[\\$empProvideMHB] \\begin{tabular}{r|llll}\n",
       "  & Pr(1) & Pr(2) & Pr(3) & Pr(4)\\\\\n",
       "\\hline\n",
       "\tclass 1:  & 0.07254154 & 0.23760999 & 0.2132260  & 0.4766225 \\\\\n",
       "\tclass 2:  & 0.05840014 & 0.05408957 & 0.7560380  & 0.1314723 \\\\\n",
       "\tclass 3:  & 0.05325955 & 0.26119783 & 0.4569326  & 0.2286100 \\\\\n",
       "\\end{tabular}\n",
       "\n",
       "\\item[\\$knowMHB] \\begin{tabular}{r|llll}\n",
       "  & Pr(1) & Pr(2) & Pr(3) & Pr(4)\\\\\n",
       "\\hline\n",
       "\tclass 1:  & 0.15022626 & 0.05478697 & 0.4326374  & 0.3623493 \\\\\n",
       "\tclass 2:  & 0.07604114 & 0.48916788 & 0.2801031  & 0.1546879 \\\\\n",
       "\tclass 3:  & 0.11221712 & 0.23351002 & 0.2425633  & 0.4117096 \\\\\n",
       "\\end{tabular}\n",
       "\n",
       "\\item[\\$empDiscMH] \\begin{tabular}{r|lll}\n",
       "  & Pr(1) & Pr(2) & Pr(3)\\\\\n",
       "\\hline\n",
       "\tclass 1:  & 0.8268065  & 0.09619070 & 0.07700283\\\\\n",
       "\tclass 2:  & 0.4613015  & 0.41340284 & 0.12529561\\\\\n",
       "\tclass 3:  & 0.8484028  & 0.08461768 & 0.06697952\\\\\n",
       "\\end{tabular}\n",
       "\n",
       "\\item[\\$empResourceMH] \\begin{tabular}{r|lll}\n",
       "  & Pr(1) & Pr(2) & Pr(3)\\\\\n",
       "\\hline\n",
       "\tclass 1:  & 0.5421972  & 0.02685068 & 0.4309521 \\\\\n",
       "\tclass 2:  & 0.2422570  & 0.53455901 & 0.2231840 \\\\\n",
       "\tclass 3:  & 0.5391692  & 0.18306936 & 0.2777614 \\\\\n",
       "\\end{tabular}\n",
       "\n",
       "\\item[\\$anonProtected] \\begin{tabular}{r|lll}\n",
       "  & Pr(1) & Pr(2) & Pr(3)\\\\\n",
       "\\hline\n",
       "\tclass 1:  & 0.8282152  & 0.1152816  & 0.05650320\\\\\n",
       "\tclass 2:  & 0.4140339  & 0.5658369  & 0.02012927\\\\\n",
       "\tclass 3:  & 0.7197262  & 0.1666178  & 0.11365600\\\\\n",
       "\\end{tabular}\n",
       "\n",
       "\\item[\\$askLeaveDiff] \\begin{tabular}{r|llllll}\n",
       "  & Pr(1) & Pr(2) & Pr(3) & Pr(4) & Pr(5) & Pr(6)\\\\\n",
       "\\hline\n",
       "\tclass 1:  & 0.2832074     & 0.3119473     & 0.1879914     & 7.837939e-110 & 0.05721014    & 0.15964375   \\\\\n",
       "\tclass 2:  & 0.3620897     & 0.3397976     & 0.1742625     &  6.094345e-04 & 0.08094537    & 0.04229537   \\\\\n",
       "\tclass 3:  & 0.0354451     & 0.1574186     & 0.1222418     &  2.010381e-01 & 0.31579841    & 0.16805806   \\\\\n",
       "\\end{tabular}\n",
       "\n",
       "\\item[\\$negConsDiscMH] \\begin{tabular}{r|lll}\n",
       "  & Pr(1) & Pr(2) & Pr(3)\\\\\n",
       "\\hline\n",
       "\tclass 1:  & 0.65252864  & 0.3375980   & 0.009873356\\\\\n",
       "\tclass 2:  & 0.72931761  & 0.2611837   & 0.009498698\\\\\n",
       "\tclass 3:  & 0.04652611  & 0.5809641   & 0.372509812\\\\\n",
       "\\end{tabular}\n",
       "\n",
       "\\item[\\$negConsDiscPH] \\begin{tabular}{r|lll}\n",
       "  & Pr(1) & Pr(2) & Pr(3)\\\\\n",
       "\\hline\n",
       "\tclass 1:  & 0.8774045  & 0.12259548 & 0.00000000\\\\\n",
       "\tclass 2:  & 0.9299245  & 0.07007545 & 0.00000000\\\\\n",
       "\tclass 3:  & 0.5656848  & 0.36589942 & 0.06841579\\\\\n",
       "\\end{tabular}\n",
       "\n",
       "\\item[\\$coworkComfMHD] \\begin{tabular}{r|lll}\n",
       "  & Pr(1) & Pr(2) & Pr(3)\\\\\n",
       "\\hline\n",
       "\tclass 1:  & 0.4581254  & 0.31224981 & 0.22962476\\\\\n",
       "\tclass 2:  & 0.4454543  & 0.47854347 & 0.07600221\\\\\n",
       "\tclass 3:  & 0.3848756  & 0.03768085 & 0.57744359\\\\\n",
       "\\end{tabular}\n",
       "\n",
       "\\item[\\$superComfMHD] \\begin{tabular}{r|lll}\n",
       "  & Pr(1) & Pr(2) & Pr(3)\\\\\n",
       "\\hline\n",
       "\tclass 1:  & 0.43312037 & 0.3929292  & 0.17395044\\\\\n",
       "\tclass 2:  & 0.74893539 & 0.2378342  & 0.01323045\\\\\n",
       "\tclass 3:  & 0.07637307 & 0.4012771  & 0.52234979\\\\\n",
       "\\end{tabular}\n",
       "\n",
       "\\item[\\$empSeriousMH] \\begin{tabular}{r|lll}\n",
       "  & Pr(1) & Pr(2) & Pr(3)\\\\\n",
       "\\hline\n",
       "\tclass 1:  & 0.5691986  & 0.34782448 & 0.08297696\\\\\n",
       "\tclass 2:  & 0.2554654  & 0.62299575 & 0.12153885\\\\\n",
       "\tclass 3:  & 0.4862003  & 0.06724839 & 0.44655127\\\\\n",
       "\\end{tabular}\n",
       "\n",
       "\\item[\\$heardNegConsMH] \\begin{tabular}{r|ll}\n",
       "  & Pr(1) & Pr(2)\\\\\n",
       "\\hline\n",
       "\tclass 1:  & 1.0000000    & 9.208077e-53\\\\\n",
       "\tclass 2:  & 0.9398976    & 6.010241e-02\\\\\n",
       "\tclass 3:  & 0.8540335    & 1.459665e-01\\\\\n",
       "\\end{tabular}\n",
       "\n",
       "\\item[\\$discInterviewPH] \\begin{tabular}{r|lll}\n",
       "  & Pr(1) & Pr(2) & Pr(3)\\\\\n",
       "\\hline\n",
       "\tclass 1:  & 0.4982662 & 0.3017119 & 0.2000219\\\\\n",
       "\tclass 2:  & 0.3511962 & 0.3276310 & 0.3211728\\\\\n",
       "\tclass 3:  & 0.3934506 & 0.2049769 & 0.4015725\\\\\n",
       "\\end{tabular}\n",
       "\n",
       "\\item[\\$discInterviewMH] \\begin{tabular}{r|lll}\n",
       "  & Pr(1) & Pr(2) & Pr(3)\\\\\n",
       "\\hline\n",
       "\tclass 1:  & 0.4596860  & 0.3859938  & 0.15432025\\\\\n",
       "\tclass 2:  & 0.3367451  & 0.5524647  & 0.11079018\\\\\n",
       "\tclass 3:  & 0.1566633  & 0.8172988  & 0.02603786\\\\\n",
       "\\end{tabular}\n",
       "\n",
       "\\item[\\$hurtCareerMH] \\begin{tabular}{r|lllll}\n",
       "  & Pr(1) & Pr(2) & Pr(3) & Pr(4) & Pr(5)\\\\\n",
       "\\hline\n",
       "\tclass 1:  & 0.6822194     & 0.168689236   & 0.1426420     & 1.114553e-170 & 0.006449366  \\\\\n",
       "\tclass 2:  & 0.5293112     & 0.161946069   & 0.1848315     &  7.373392e-02 & 0.050177399  \\\\\n",
       "\tclass 3:  & 0.2643034     & 0.003464928   & 0.6208978     &  0.000000e+00 & 0.111333963  \\\\\n",
       "\\end{tabular}\n",
       "\n",
       "\\item[\\$teamNegMH] \\begin{tabular}{r|lllll}\n",
       "  & Pr(1) & Pr(2) & Pr(3) & Pr(4) & Pr(5)\\\\\n",
       "\\hline\n",
       "\tclass 1:  & 0.4602987   & 0.4693969   & 0.00000000  & 0.06281794  & 0.007486463\\\\\n",
       "\tclass 2:  & 0.3897835   & 0.4198091   & 0.01006517  & 0.08133395  & 0.099008305\\\\\n",
       "\tclass 3:  & 0.0523937   & 0.3963379   & 0.03886554  & 0.51033614  & 0.002066695\\\\\n",
       "\\end{tabular}\n",
       "\n",
       "\\item[\\$observeBadResponseMH] \\begin{tabular}{r|lllll}\n",
       "  & Pr(1) & Pr(2) & Pr(3) & Pr(4) & Pr(5)\\\\\n",
       "\\hline\n",
       "\tclass 1:  & 0.8968312  & 0.0000000  & 0.0000000  & 0.0000000  & 0.10316876\\\\\n",
       "\tclass 2:  & 0.4034889  & 0.2186179  & 0.1576748  & 0.1991195  & 0.02109894\\\\\n",
       "\tclass 3:  & 0.2244436  & 0.3400096  & 0.1527968  & 0.2428507  & 0.03989936\\\\\n",
       "\\end{tabular}\n",
       "\n",
       "\\item[\\$revealLikelihoodMH] \\begin{tabular}{r|lllll}\n",
       "  & Pr(1) & Pr(2) & Pr(3) & Pr(4) & Pr(5)\\\\\n",
       "\\hline\n",
       "\tclass 1:  & 1.0000000  & 0.00000000 & 0.0000000  & 0.0000000  & 0.00000000\\\\\n",
       "\tclass 2:  & 0.4245878  & 0.09897664 & 0.2853808  & 0.1402807  & 0.05077399\\\\\n",
       "\tclass 3:  & 0.2681438  & 0.30235774 & 0.1812434  & 0.1454488  & 0.10280634\\\\\n",
       "\\end{tabular}\n",
       "\n",
       "\\end{description}\n"
      ],
      "text/markdown": [
       "$empPrimTech\n",
       ":   \n",
       "| <!--/--> | Pr(1) | Pr(2) | \n",
       "|---|---|---|\n",
       "| class 1:  | 0.8359225 | 0.1640775 | \n",
       "| class 2:  | 0.7709561 | 0.2290439 | \n",
       "| class 3:  | 0.7730964 | 0.2269036 | \n",
       "\n",
       "\n",
       "\n",
       "$empProvideMHB\n",
       ":   \n",
       "| <!--/--> | Pr(1) | Pr(2) | Pr(3) | Pr(4) | \n",
       "|---|---|---|\n",
       "| class 1:  | 0.07254154 | 0.23760999 | 0.2132260  | 0.4766225  | \n",
       "| class 2:  | 0.05840014 | 0.05408957 | 0.7560380  | 0.1314723  | \n",
       "| class 3:  | 0.05325955 | 0.26119783 | 0.4569326  | 0.2286100  | \n",
       "\n",
       "\n",
       "\n",
       "$knowMHB\n",
       ":   \n",
       "| <!--/--> | Pr(1) | Pr(2) | Pr(3) | Pr(4) | \n",
       "|---|---|---|\n",
       "| class 1:  | 0.15022626 | 0.05478697 | 0.4326374  | 0.3623493  | \n",
       "| class 2:  | 0.07604114 | 0.48916788 | 0.2801031  | 0.1546879  | \n",
       "| class 3:  | 0.11221712 | 0.23351002 | 0.2425633  | 0.4117096  | \n",
       "\n",
       "\n",
       "\n",
       "$empDiscMH\n",
       ":   \n",
       "| <!--/--> | Pr(1) | Pr(2) | Pr(3) | \n",
       "|---|---|---|\n",
       "| class 1:  | 0.8268065  | 0.09619070 | 0.07700283 | \n",
       "| class 2:  | 0.4613015  | 0.41340284 | 0.12529561 | \n",
       "| class 3:  | 0.8484028  | 0.08461768 | 0.06697952 | \n",
       "\n",
       "\n",
       "\n",
       "$empResourceMH\n",
       ":   \n",
       "| <!--/--> | Pr(1) | Pr(2) | Pr(3) | \n",
       "|---|---|---|\n",
       "| class 1:  | 0.5421972  | 0.02685068 | 0.4309521  | \n",
       "| class 2:  | 0.2422570  | 0.53455901 | 0.2231840  | \n",
       "| class 3:  | 0.5391692  | 0.18306936 | 0.2777614  | \n",
       "\n",
       "\n",
       "\n",
       "$anonProtected\n",
       ":   \n",
       "| <!--/--> | Pr(1) | Pr(2) | Pr(3) | \n",
       "|---|---|---|\n",
       "| class 1:  | 0.8282152  | 0.1152816  | 0.05650320 | \n",
       "| class 2:  | 0.4140339  | 0.5658369  | 0.02012927 | \n",
       "| class 3:  | 0.7197262  | 0.1666178  | 0.11365600 | \n",
       "\n",
       "\n",
       "\n",
       "$askLeaveDiff\n",
       ":   \n",
       "| <!--/--> | Pr(1) | Pr(2) | Pr(3) | Pr(4) | Pr(5) | Pr(6) | \n",
       "|---|---|---|\n",
       "| class 1:  | 0.2832074     | 0.3119473     | 0.1879914     | 7.837939e-110 | 0.05721014    | 0.15964375    | \n",
       "| class 2:  | 0.3620897     | 0.3397976     | 0.1742625     |  6.094345e-04 | 0.08094537    | 0.04229537    | \n",
       "| class 3:  | 0.0354451     | 0.1574186     | 0.1222418     |  2.010381e-01 | 0.31579841    | 0.16805806    | \n",
       "\n",
       "\n",
       "\n",
       "$negConsDiscMH\n",
       ":   \n",
       "| <!--/--> | Pr(1) | Pr(2) | Pr(3) | \n",
       "|---|---|---|\n",
       "| class 1:  | 0.65252864  | 0.3375980   | 0.009873356 | \n",
       "| class 2:  | 0.72931761  | 0.2611837   | 0.009498698 | \n",
       "| class 3:  | 0.04652611  | 0.5809641   | 0.372509812 | \n",
       "\n",
       "\n",
       "\n",
       "$negConsDiscPH\n",
       ":   \n",
       "| <!--/--> | Pr(1) | Pr(2) | Pr(3) | \n",
       "|---|---|---|\n",
       "| class 1:  | 0.8774045  | 0.12259548 | 0.00000000 | \n",
       "| class 2:  | 0.9299245  | 0.07007545 | 0.00000000 | \n",
       "| class 3:  | 0.5656848  | 0.36589942 | 0.06841579 | \n",
       "\n",
       "\n",
       "\n",
       "$coworkComfMHD\n",
       ":   \n",
       "| <!--/--> | Pr(1) | Pr(2) | Pr(3) | \n",
       "|---|---|---|\n",
       "| class 1:  | 0.4581254  | 0.31224981 | 0.22962476 | \n",
       "| class 2:  | 0.4454543  | 0.47854347 | 0.07600221 | \n",
       "| class 3:  | 0.3848756  | 0.03768085 | 0.57744359 | \n",
       "\n",
       "\n",
       "\n",
       "$superComfMHD\n",
       ":   \n",
       "| <!--/--> | Pr(1) | Pr(2) | Pr(3) | \n",
       "|---|---|---|\n",
       "| class 1:  | 0.43312037 | 0.3929292  | 0.17395044 | \n",
       "| class 2:  | 0.74893539 | 0.2378342  | 0.01323045 | \n",
       "| class 3:  | 0.07637307 | 0.4012771  | 0.52234979 | \n",
       "\n",
       "\n",
       "\n",
       "$empSeriousMH\n",
       ":   \n",
       "| <!--/--> | Pr(1) | Pr(2) | Pr(3) | \n",
       "|---|---|---|\n",
       "| class 1:  | 0.5691986  | 0.34782448 | 0.08297696 | \n",
       "| class 2:  | 0.2554654  | 0.62299575 | 0.12153885 | \n",
       "| class 3:  | 0.4862003  | 0.06724839 | 0.44655127 | \n",
       "\n",
       "\n",
       "\n",
       "$heardNegConsMH\n",
       ":   \n",
       "| <!--/--> | Pr(1) | Pr(2) | \n",
       "|---|---|---|\n",
       "| class 1:  | 1.0000000    | 9.208077e-53 | \n",
       "| class 2:  | 0.9398976    | 6.010241e-02 | \n",
       "| class 3:  | 0.8540335    | 1.459665e-01 | \n",
       "\n",
       "\n",
       "\n",
       "$discInterviewPH\n",
       ":   \n",
       "| <!--/--> | Pr(1) | Pr(2) | Pr(3) | \n",
       "|---|---|---|\n",
       "| class 1:  | 0.4982662 | 0.3017119 | 0.2000219 | \n",
       "| class 2:  | 0.3511962 | 0.3276310 | 0.3211728 | \n",
       "| class 3:  | 0.3934506 | 0.2049769 | 0.4015725 | \n",
       "\n",
       "\n",
       "\n",
       "$discInterviewMH\n",
       ":   \n",
       "| <!--/--> | Pr(1) | Pr(2) | Pr(3) | \n",
       "|---|---|---|\n",
       "| class 1:  | 0.4596860  | 0.3859938  | 0.15432025 | \n",
       "| class 2:  | 0.3367451  | 0.5524647  | 0.11079018 | \n",
       "| class 3:  | 0.1566633  | 0.8172988  | 0.02603786 | \n",
       "\n",
       "\n",
       "\n",
       "$hurtCareerMH\n",
       ":   \n",
       "| <!--/--> | Pr(1) | Pr(2) | Pr(3) | Pr(4) | Pr(5) | \n",
       "|---|---|---|\n",
       "| class 1:  | 0.6822194     | 0.168689236   | 0.1426420     | 1.114553e-170 | 0.006449366   | \n",
       "| class 2:  | 0.5293112     | 0.161946069   | 0.1848315     |  7.373392e-02 | 0.050177399   | \n",
       "| class 3:  | 0.2643034     | 0.003464928   | 0.6208978     |  0.000000e+00 | 0.111333963   | \n",
       "\n",
       "\n",
       "\n",
       "$teamNegMH\n",
       ":   \n",
       "| <!--/--> | Pr(1) | Pr(2) | Pr(3) | Pr(4) | Pr(5) | \n",
       "|---|---|---|\n",
       "| class 1:  | 0.4602987   | 0.4693969   | 0.00000000  | 0.06281794  | 0.007486463 | \n",
       "| class 2:  | 0.3897835   | 0.4198091   | 0.01006517  | 0.08133395  | 0.099008305 | \n",
       "| class 3:  | 0.0523937   | 0.3963379   | 0.03886554  | 0.51033614  | 0.002066695 | \n",
       "\n",
       "\n",
       "\n",
       "$observeBadResponseMH\n",
       ":   \n",
       "| <!--/--> | Pr(1) | Pr(2) | Pr(3) | Pr(4) | Pr(5) | \n",
       "|---|---|---|\n",
       "| class 1:  | 0.8968312  | 0.0000000  | 0.0000000  | 0.0000000  | 0.10316876 | \n",
       "| class 2:  | 0.4034889  | 0.2186179  | 0.1576748  | 0.1991195  | 0.02109894 | \n",
       "| class 3:  | 0.2244436  | 0.3400096  | 0.1527968  | 0.2428507  | 0.03989936 | \n",
       "\n",
       "\n",
       "\n",
       "$revealLikelihoodMH\n",
       ":   \n",
       "| <!--/--> | Pr(1) | Pr(2) | Pr(3) | Pr(4) | Pr(5) | \n",
       "|---|---|---|\n",
       "| class 1:  | 1.0000000  | 0.00000000 | 0.0000000  | 0.0000000  | 0.00000000 | \n",
       "| class 2:  | 0.4245878  | 0.09897664 | 0.2853808  | 0.1402807  | 0.05077399 | \n",
       "| class 3:  | 0.2681438  | 0.30235774 | 0.1812434  | 0.1454488  | 0.10280634 | \n",
       "\n",
       "\n",
       "\n",
       "\n",
       "\n"
      ],
      "text/plain": [
       "$empPrimTech\n",
       "              Pr(1)     Pr(2)\n",
       "class 1:  0.8359225 0.1640775\n",
       "class 2:  0.7709561 0.2290439\n",
       "class 3:  0.7730964 0.2269036\n",
       "\n",
       "$empProvideMHB\n",
       "               Pr(1)      Pr(2)     Pr(3)     Pr(4)\n",
       "class 1:  0.07254154 0.23760999 0.2132260 0.4766225\n",
       "class 2:  0.05840014 0.05408957 0.7560380 0.1314723\n",
       "class 3:  0.05325955 0.26119783 0.4569326 0.2286100\n",
       "\n",
       "$knowMHB\n",
       "               Pr(1)      Pr(2)     Pr(3)     Pr(4)\n",
       "class 1:  0.15022626 0.05478697 0.4326374 0.3623493\n",
       "class 2:  0.07604114 0.48916788 0.2801031 0.1546879\n",
       "class 3:  0.11221712 0.23351002 0.2425633 0.4117096\n",
       "\n",
       "$empDiscMH\n",
       "              Pr(1)      Pr(2)      Pr(3)\n",
       "class 1:  0.8268065 0.09619070 0.07700283\n",
       "class 2:  0.4613015 0.41340284 0.12529561\n",
       "class 3:  0.8484028 0.08461768 0.06697952\n",
       "\n",
       "$empResourceMH\n",
       "              Pr(1)      Pr(2)     Pr(3)\n",
       "class 1:  0.5421972 0.02685068 0.4309521\n",
       "class 2:  0.2422570 0.53455901 0.2231840\n",
       "class 3:  0.5391692 0.18306936 0.2777614\n",
       "\n",
       "$anonProtected\n",
       "              Pr(1)     Pr(2)      Pr(3)\n",
       "class 1:  0.8282152 0.1152816 0.05650320\n",
       "class 2:  0.4140339 0.5658369 0.02012927\n",
       "class 3:  0.7197262 0.1666178 0.11365600\n",
       "\n",
       "$askLeaveDiff\n",
       "              Pr(1)     Pr(2)     Pr(3)         Pr(4)      Pr(5)      Pr(6)\n",
       "class 1:  0.2832074 0.3119473 0.1879914 7.837939e-110 0.05721014 0.15964375\n",
       "class 2:  0.3620897 0.3397976 0.1742625  6.094345e-04 0.08094537 0.04229537\n",
       "class 3:  0.0354451 0.1574186 0.1222418  2.010381e-01 0.31579841 0.16805806\n",
       "\n",
       "$negConsDiscMH\n",
       "               Pr(1)     Pr(2)       Pr(3)\n",
       "class 1:  0.65252864 0.3375980 0.009873356\n",
       "class 2:  0.72931761 0.2611837 0.009498698\n",
       "class 3:  0.04652611 0.5809641 0.372509812\n",
       "\n",
       "$negConsDiscPH\n",
       "              Pr(1)      Pr(2)      Pr(3)\n",
       "class 1:  0.8774045 0.12259548 0.00000000\n",
       "class 2:  0.9299245 0.07007545 0.00000000\n",
       "class 3:  0.5656848 0.36589942 0.06841579\n",
       "\n",
       "$coworkComfMHD\n",
       "              Pr(1)      Pr(2)      Pr(3)\n",
       "class 1:  0.4581254 0.31224981 0.22962476\n",
       "class 2:  0.4454543 0.47854347 0.07600221\n",
       "class 3:  0.3848756 0.03768085 0.57744359\n",
       "\n",
       "$superComfMHD\n",
       "               Pr(1)     Pr(2)      Pr(3)\n",
       "class 1:  0.43312037 0.3929292 0.17395044\n",
       "class 2:  0.74893539 0.2378342 0.01323045\n",
       "class 3:  0.07637307 0.4012771 0.52234979\n",
       "\n",
       "$empSeriousMH\n",
       "              Pr(1)      Pr(2)      Pr(3)\n",
       "class 1:  0.5691986 0.34782448 0.08297696\n",
       "class 2:  0.2554654 0.62299575 0.12153885\n",
       "class 3:  0.4862003 0.06724839 0.44655127\n",
       "\n",
       "$heardNegConsMH\n",
       "              Pr(1)        Pr(2)\n",
       "class 1:  1.0000000 9.208077e-53\n",
       "class 2:  0.9398976 6.010241e-02\n",
       "class 3:  0.8540335 1.459665e-01\n",
       "\n",
       "$discInterviewPH\n",
       "              Pr(1)     Pr(2)     Pr(3)\n",
       "class 1:  0.4982662 0.3017119 0.2000219\n",
       "class 2:  0.3511962 0.3276310 0.3211728\n",
       "class 3:  0.3934506 0.2049769 0.4015725\n",
       "\n",
       "$discInterviewMH\n",
       "              Pr(1)     Pr(2)      Pr(3)\n",
       "class 1:  0.4596860 0.3859938 0.15432025\n",
       "class 2:  0.3367451 0.5524647 0.11079018\n",
       "class 3:  0.1566633 0.8172988 0.02603786\n",
       "\n",
       "$hurtCareerMH\n",
       "              Pr(1)       Pr(2)     Pr(3)         Pr(4)       Pr(5)\n",
       "class 1:  0.6822194 0.168689236 0.1426420 1.114553e-170 0.006449366\n",
       "class 2:  0.5293112 0.161946069 0.1848315  7.373392e-02 0.050177399\n",
       "class 3:  0.2643034 0.003464928 0.6208978  0.000000e+00 0.111333963\n",
       "\n",
       "$teamNegMH\n",
       "              Pr(1)     Pr(2)      Pr(3)      Pr(4)       Pr(5)\n",
       "class 1:  0.4602987 0.4693969 0.00000000 0.06281794 0.007486463\n",
       "class 2:  0.3897835 0.4198091 0.01006517 0.08133395 0.099008305\n",
       "class 3:  0.0523937 0.3963379 0.03886554 0.51033614 0.002066695\n",
       "\n",
       "$observeBadResponseMH\n",
       "              Pr(1)     Pr(2)     Pr(3)     Pr(4)      Pr(5)\n",
       "class 1:  0.8968312 0.0000000 0.0000000 0.0000000 0.10316876\n",
       "class 2:  0.4034889 0.2186179 0.1576748 0.1991195 0.02109894\n",
       "class 3:  0.2244436 0.3400096 0.1527968 0.2428507 0.03989936\n",
       "\n",
       "$revealLikelihoodMH\n",
       "              Pr(1)      Pr(2)     Pr(3)     Pr(4)      Pr(5)\n",
       "class 1:  1.0000000 0.00000000 0.0000000 0.0000000 0.00000000\n",
       "class 2:  0.4245878 0.09897664 0.2853808 0.1402807 0.05077399\n",
       "class 3:  0.2681438 0.30235774 0.1812434 0.1454488 0.10280634\n"
      ]
     },
     "metadata": {},
     "output_type": "display_data"
    }
   ],
   "source": [
    "finalMod.lcm$probs"
   ]
  },
  {
   "cell_type": "markdown",
   "metadata": {},
   "source": [
    "We see interesting results from the following tables:\n",
    "\n",
    "* ```empProvideMHB```\n",
    "\n",
    "* ```knowMHB```\n",
    "\n",
    "* ```empDiscMH```\n",
    "\n",
    "* ```anonProtected```\n",
    "\n",
    "* ```askLeaveDiff```\n",
    "\n",
    "* ```negConsDiscMH```\n",
    "\n",
    "* ```negConsDiscPH```\n",
    "\n",
    "* ```coworkComfMHD```\n",
    "\n",
    "* ```superComfMHD```\n",
    "\n",
    "* ```discInterviewMH```\n",
    "\n",
    "* ```hurtCareerMH```\n",
    "\n",
    "* ```teamNegMH```\n",
    "\n",
    "* ```observeBadResponseMH```\n",
    "\n",
    "* ```revealLikelihoodMH```"
   ]
  },
  {
   "cell_type": "code",
   "execution_count": 10,
   "metadata": {
    "collapsed": false,
    "scrolled": false
   },
   "outputs": [
    {
     "data": {
      "text/html": [
       "<table>\n",
       "<thead><tr><th></th><th scope=col>Not eligible for coverage / N/A</th><th scope=col>No</th><th scope=col>Yes</th><th scope=col>I don't know</th></tr></thead>\n",
       "<tbody>\n",
       "\t<tr><th scope=row>class 1: </th><td>0.07254154</td><td>0.23760999</td><td>0.2132260 </td><td>0.4766225 </td></tr>\n",
       "\t<tr><th scope=row>class 2: </th><td>0.05840014</td><td>0.05408957</td><td>0.7560380 </td><td>0.1314723 </td></tr>\n",
       "\t<tr><th scope=row>class 3: </th><td>0.05325955</td><td>0.26119783</td><td>0.4569326 </td><td>0.2286100 </td></tr>\n",
       "</tbody>\n",
       "</table>\n"
      ],
      "text/latex": [
       "\\begin{tabular}{r|llll}\n",
       "  & Not eligible for coverage / N/A & No & Yes & I don't know\\\\\n",
       "\\hline\n",
       "\tclass 1:  & 0.07254154 & 0.23760999 & 0.2132260  & 0.4766225 \\\\\n",
       "\tclass 2:  & 0.05840014 & 0.05408957 & 0.7560380  & 0.1314723 \\\\\n",
       "\tclass 3:  & 0.05325955 & 0.26119783 & 0.4569326  & 0.2286100 \\\\\n",
       "\\end{tabular}\n"
      ],
      "text/markdown": [
       "\n",
       "| <!--/--> | Not eligible for coverage / N/A | No | Yes | I don't know | \n",
       "|---|---|---|\n",
       "| class 1:  | 0.07254154 | 0.23760999 | 0.2132260  | 0.4766225  | \n",
       "| class 2:  | 0.05840014 | 0.05408957 | 0.7560380  | 0.1314723  | \n",
       "| class 3:  | 0.05325955 | 0.26119783 | 0.4569326  | 0.2286100  | \n",
       "\n",
       "\n"
      ],
      "text/plain": [
       "          Not eligible for coverage / N/A No         Yes       I don't know\n",
       "class 1:  0.07254154                      0.23760999 0.2132260 0.4766225   \n",
       "class 2:  0.05840014                      0.05408957 0.7560380 0.1314723   \n",
       "class 3:  0.05325955                      0.26119783 0.4569326 0.2286100   "
      ]
     },
     "metadata": {},
     "output_type": "display_data"
    }
   ],
   "source": [
    "displayTable(finalMod.lcm,\"empProvideMHB\")"
   ]
  },
  {
   "cell_type": "markdown",
   "metadata": {},
   "source": [
    "_Table 2: Conditional Probabilities on Answers to the question \"Does your employer provide mental health benefits as part of healthcare coverage?\" ._\n",
    "\n",
