{
 "cells": [
  {
   "cell_type": "markdown",
   "metadata": {},
   "source": [
    "# OSMI Mental Health In Tech Survey 2016 : Inference on Cluster Analysis\n",
    "\n",
    "_By [Michael Rosenberg](mmrosenb@andrew.cmu.edu)._"
   ]
  },
  {
   "cell_type": "code",
   "execution_count": 40,
   "metadata": {
    "collapsed": false
   },
   "outputs": [],
   "source": [
    "#imports\n",
    "library(poLCA)\n",
    "\n",
    "#constants\n",
    "sigLev = 3\n",
    "percentMul = 100\n",
    "options(warn=-1)"
   ]
  },
  {
   "cell_type": "code",
   "execution_count": 41,
   "metadata": {
    "collapsed": true
   },
   "outputs": [],
   "source": [
    "#load in data\n",
    "inferenceFrame = read.csv(\"../data/processed/clusterData_inference.csv\")\n",
    "finalMod.lcm = readRDS(\"../models/finalClusterModel.rds\")"
   ]
  },
  {
   "cell_type": "markdown",
   "metadata": {},
   "source": [
    "# Recap"
   ]
  },
  {
   "cell_type": "markdown",
   "metadata": {},
   "source": [
    "# Model Study"
   ]
  },
  {
   "cell_type": "code",
   "execution_count": 42,
   "metadata": {
    "collapsed": false
   },
   "outputs": [
    {
     "data": {
      "text/html": [
       "<table>\n",
       "<thead><tr><th scope=col>class</th><th scope=col>prior</th></tr></thead>\n",
       "<tbody>\n",
       "\t<tr><td>Class 1</td><td>0.302  </td></tr>\n",
       "\t<tr><td>Class 2</td><td>0.261  </td></tr>\n",
       "\t<tr><td>Class 3</td><td>0.437  </td></tr>\n",
       "</tbody>\n",
       "</table>\n"
      ],
      "text/latex": [
       "\\begin{tabular}{r|ll}\n",
       " class & prior\\\\\n",
       "\\hline\n",
       "\t Class 1 & 0.302  \\\\\n",
       "\t Class 2 & 0.261  \\\\\n",
       "\t Class 3 & 0.437  \\\\\n",
       "\\end{tabular}\n"
      ],
      "text/markdown": [
       "\n",
       "class | prior | \n",
       "|---|---|---|\n",
       "| Class 1 | 0.302   | \n",
       "| Class 2 | 0.261   | \n",
       "| Class 3 | 0.437   | \n",
       "\n",
       "\n"
      ],
      "text/plain": [
       "  class   prior\n",
       "1 Class 1 0.302\n",
       "2 Class 2 0.261\n",
       "3 Class 3 0.437"
      ]
     },
     "metadata": {},
     "output_type": "display_data"
    }
   ],
   "source": [
    "priorFrame = data.frame(class = c(\"Class 1\",\"Class 2\",\"Class 3\"),\n",
    "                        prior = signif(finalMod.lcm$P,sigLev))\n",
    "priorFrame"
   ]
  },
  {
   "cell_type": "markdown",
   "metadata": {},
   "source": [
    "_Table 1: Our prior distribution over our classes._\n",
    "\n",
    "We see that Class $3$ is more frequent than the other two, and Class $2$ is the least frequent of the three in our estimates. That being said, these classes are extremely close together, which suggests that we have relatively balanced classes."
   ]
  },
  {
   "cell_type": "code",
   "execution_count": 43,
   "metadata": {
    "collapsed": false
   },
   "outputs": [],
   "source": [
    "displayTable <- function(givenMod,varName){\n",
    "    #helper for producing table\n",
    "    #first, get discrete encoding\n",
    "    dEncodeFilename = paste0(\"../data/preprocessed/discreteEncodings/\",\n",
    "                             varName,\".csv\")\n",
    "    dEncodeFrame = read.csv(dEncodeFilename)\n",
    "    #get levels\n",
    "    dEncodeLevels = dEncodeFrame$level\n",
    "    givenModTable = givenMod$probs[[varName]]\n",
    "    colnames(givenModTable) = dEncodeLevels\n",
    "    #then export\n",
    "    return(givenModTable)\n",
    "}"
   ]
  },
  {
   "cell_type": "code",
   "execution_count": 44,
   "metadata": {
    "collapsed": false
   },
   "outputs": [
    {
     "data": {
      "text/html": [
       "<dl>\n",
       "\t<dt>$empPrimTech</dt>\n",
       "\t\t<dd><table>\n",
       "<thead><tr><th></th><th scope=col>Pr(1)</th><th scope=col>Pr(2)</th></tr></thead>\n",
       "<tbody>\n",
       "\t<tr><th scope=row>class 1: </th><td>0.8326759</td><td>0.1673241</td></tr>\n",
       "\t<tr><th scope=row>class 2: </th><td>0.7377377</td><td>0.2622623</td></tr>\n",
       "\t<tr><th scope=row>class 3: </th><td>0.7130929</td><td>0.2869071</td></tr>\n",
       "</tbody>\n",
       "</table>\n",
       "</dd>\n",
       "\t<dt>$empProvideMHB</dt>\n",
       "\t\t<dd><table>\n",
       "<thead><tr><th></th><th scope=col>Pr(1)</th><th scope=col>Pr(2)</th><th scope=col>Pr(3)</th><th scope=col>Pr(4)</th></tr></thead>\n",
       "<tbody>\n",
       "\t<tr><th scope=row>class 1: </th><td>0.11821183</td><td>0.23372221</td><td>0.1785298 </td><td>0.4695362 </td></tr>\n",
       "\t<tr><th scope=row>class 2: </th><td>0.00000000</td><td>0.01786674</td><td>0.8763714 </td><td>0.1057618 </td></tr>\n",
       "\t<tr><th scope=row>class 3: </th><td>0.07393729</td><td>0.22693158</td><td>0.4002438 </td><td>0.2988873 </td></tr>\n",
       "</tbody>\n",
       "</table>\n",
       "</dd>\n",
       "\t<dt>$knowMHB</dt>\n",
       "\t\t<dd><table>\n",
       "<thead><tr><th></th><th scope=col>Pr(1)</th><th scope=col>Pr(2)</th><th scope=col>Pr(3)</th><th scope=col>Pr(4)</th></tr></thead>\n",
       "<tbody>\n",
       "\t<tr><th scope=row>class 1: </th><td> 2.115787e-01</td><td>0.04473108   </td><td>0.3897978    </td><td>0.3538925    </td></tr>\n",
       "\t<tr><th scope=row>class 2: </th><td>1.642681e-248</td><td>0.59036228   </td><td>0.2988006    </td><td>0.1108372    </td></tr>\n",
       "\t<tr><th scope=row>class 3: </th><td> 1.051725e-01</td><td>0.23206103   </td><td>0.2829146    </td><td>0.3798519    </td></tr>\n",
       "</tbody>\n",
       "</table>\n",
       "</dd>\n",
       "\t<dt>$empDiscMH</dt>\n",
       "\t\t<dd><table>\n",
       "<thead><tr><th></th><th scope=col>Pr(1)</th><th scope=col>Pr(2)</th><th scope=col>Pr(3)</th></tr></thead>\n",
       "<tbody>\n",
       "\t<tr><th scope=row>class 1: </th><td>0.7657853 </td><td>0.15226845</td><td>0.08194622</td></tr>\n",
       "\t<tr><th scope=row>class 2: </th><td>0.3460927 </td><td>0.48528289</td><td>0.16862442</td></tr>\n",
       "\t<tr><th scope=row>class 3: </th><td>0.8650209 </td><td>0.09253607</td><td>0.04244303</td></tr>\n",
       "</tbody>\n",
       "</table>\n",
       "</dd>\n",
       "\t<dt>$empResourceMH</dt>\n",
       "\t\t<dd><table>\n",
       "<thead><tr><th></th><th scope=col>Pr(1)</th><th scope=col>Pr(2)</th><th scope=col>Pr(3)</th></tr></thead>\n",
       "<tbody>\n",
       "\t<tr><th scope=row>class 1: </th><td>0.5035860 </td><td>0.09985406</td><td>0.3965599 </td></tr>\n",
       "\t<tr><th scope=row>class 2: </th><td>0.1607759 </td><td>0.64055343</td><td>0.1986706 </td></tr>\n",
       "\t<tr><th scope=row>class 3: </th><td>0.5859070 </td><td>0.15603067</td><td>0.2580623 </td></tr>\n",
       "</tbody>\n",
       "</table>\n",
       "</dd>\n",
       "\t<dt>$anonProtected</dt>\n",
       "\t\t<dd><table>\n",
       "<thead><tr><th></th><th scope=col>Pr(1)</th><th scope=col>Pr(2)</th><th scope=col>Pr(3)</th></tr></thead>\n",
       "<tbody>\n",
       "\t<tr><th scope=row>class 1: </th><td>0.7628291 </td><td>0.2030640 </td><td>0.03410691</td></tr>\n",
       "\t<tr><th scope=row>class 2: </th><td>0.3650789 </td><td>0.6046528 </td><td>0.03026833</td></tr>\n",
       "\t<tr><th scope=row>class 3: </th><td>0.7319802 </td><td>0.1459574 </td><td>0.12206246</td></tr>\n",
       "</tbody>\n",
       "</table>\n",
       "</dd>\n",
       "\t<dt>$askLeaveDiff</dt>\n",
       "\t\t<dd><table>\n",
       "<thead><tr><th></th><th scope=col>Pr(1)</th><th scope=col>Pr(2)</th><th scope=col>Pr(3)</th><th scope=col>Pr(4)</th><th scope=col>Pr(5)</th><th scope=col>Pr(6)</th></tr></thead>\n",
       "<tbody>\n",
       "\t<tr><th scope=row>class 1: </th><td>0.30287659 </td><td>0.3666702  </td><td>0.1528859  </td><td>0.006259200</td><td>0.06455561 </td><td>0.10675253 </td></tr>\n",
       "\t<tr><th scope=row>class 2: </th><td>0.33895586 </td><td>0.3374507  </td><td>0.1049763  </td><td>0.005638391</td><td>0.13190958 </td><td>0.08106918 </td></tr>\n",
       "\t<tr><th scope=row>class 3: </th><td>0.03563699 </td><td>0.1241598  </td><td>0.1351115  </td><td>0.231864571</td><td>0.35583559 </td><td>0.11739158 </td></tr>\n",
       "</tbody>\n",
       "</table>\n",
       "</dd>\n",
       "\t<dt>$negConsDiscMH</dt>\n",
       "\t\t<dd><table>\n",
       "<thead><tr><th></th><th scope=col>Pr(1)</th><th scope=col>Pr(2)</th><th scope=col>Pr(3)</th></tr></thead>\n",
       "<tbody>\n",
       "\t<tr><th scope=row>class 1: </th><td>0.71643270  </td><td>0.2758187   </td><td>7.748558e-03</td></tr>\n",
       "\t<tr><th scope=row>class 2: </th><td>0.62765802  </td><td>0.3723420   </td><td>9.541312e-30</td></tr>\n",
       "\t<tr><th scope=row>class 3: </th><td>0.02066952  </td><td>0.5175586   </td><td>4.617719e-01</td></tr>\n",
       "</tbody>\n",
       "</table>\n",
       "</dd>\n",
       "\t<dt>$negConsDiscPH</dt>\n",
       "\t\t<dd><table>\n",
       "<thead><tr><th></th><th scope=col>Pr(1)</th><th scope=col>Pr(2)</th><th scope=col>Pr(3)</th></tr></thead>\n",
       "<tbody>\n",
       "\t<tr><th scope=row>class 1: </th><td>0.9150021  </td><td>0.08499789 </td><td>0.000000000</td></tr>\n",
       "\t<tr><th scope=row>class 2: </th><td>0.8859732  </td><td>0.10734383 </td><td>0.006683004</td></tr>\n",
       "\t<tr><th scope=row>class 3: </th><td>0.4919367  </td><td>0.42021697 </td><td>0.087846315</td></tr>\n",
       "</tbody>\n",
       "</table>\n",
       "</dd>\n",
       "\t<dt>$coworkComfMHD</dt>\n",
       "\t\t<dd><table>\n",
       "<thead><tr><th></th><th scope=col>Pr(1)</th><th scope=col>Pr(2)</th><th scope=col>Pr(3)</th></tr></thead>\n",
       "<tbody>\n",
       "\t<tr><th scope=row>class 1: </th><td>0.5552197 </td><td>0.3348592 </td><td>0.10992109</td></tr>\n",
       "\t<tr><th scope=row>class 2: </th><td>0.5169435 </td><td>0.3897386 </td><td>0.09331785</td></tr>\n",
       "\t<tr><th scope=row>class 3: </th><td>0.2979890 </td><td>0.0471279 </td><td>0.65488314</td></tr>\n",
       "</tbody>\n",
       "</table>\n",
       "</dd>\n",
       "\t<dt>$superComfMHD</dt>\n",
       "\t\t<dd><table>\n",
       "<thead><tr><th></th><th scope=col>Pr(1)</th><th scope=col>Pr(2)</th><th scope=col>Pr(3)</th></tr></thead>\n",
       "<tbody>\n",
       "\t<tr><th scope=row>class 1: </th><td>0.51040846</td><td>0.4319540 </td><td>0.05763752</td></tr>\n",
       "\t<tr><th scope=row>class 2: </th><td>0.70026606</td><td>0.2808413 </td><td>0.01889268</td></tr>\n",
       "\t<tr><th scope=row>class 3: </th><td>0.08398004</td><td>0.3363231 </td><td>0.57969689</td></tr>\n",
       "</tbody>\n",
       "</table>\n",
       "</dd>\n",
       "\t<dt>$empSeriousMH</dt>\n",
       "\t\t<dd><table>\n",
       "<thead><tr><th></th><th scope=col>Pr(1)</th><th scope=col>Pr(2)</th><th scope=col>Pr(3)</th></tr></thead>\n",
       "<tbody>\n",
       "\t<tr><th scope=row>class 1: </th><td>0.4998482 </td><td>0.40723770</td><td>0.09291406</td></tr>\n",
       "\t<tr><th scope=row>class 2: </th><td>0.2826013 </td><td>0.57725215</td><td>0.14014659</td></tr>\n",
       "\t<tr><th scope=row>class 3: </th><td>0.4839446 </td><td>0.06896127</td><td>0.44709417</td></tr>\n",
       "</tbody>\n",
       "</table>\n",
       "</dd>\n",
       "\t<dt>$heardNegConsMH</dt>\n",
       "\t\t<dd><table>\n",
       "<thead><tr><th></th><th scope=col>Pr(1)</th><th scope=col>Pr(2)</th></tr></thead>\n",
       "<tbody>\n",
       "\t<tr><th scope=row>class 1: </th><td>0.9826497 </td><td>0.01735028</td></tr>\n",
       "\t<tr><th scope=row>class 2: </th><td>0.9124576 </td><td>0.08754243</td></tr>\n",
       "\t<tr><th scope=row>class 3: </th><td>0.8525703 </td><td>0.14742974</td></tr>\n",
       "</tbody>\n",
       "</table>\n",
       "</dd>\n",
       "\t<dt>$discInterviewPH</dt>\n",
       "\t\t<dd><table>\n",
       "<thead><tr><th></th><th scope=col>Pr(1)</th><th scope=col>Pr(2)</th><th scope=col>Pr(3)</th></tr></thead>\n",
       "<tbody>\n",
       "\t<tr><th scope=row>class 1: </th><td>0.4581715</td><td>0.3592558</td><td>0.1825727</td></tr>\n",
       "\t<tr><th scope=row>class 2: </th><td>0.4073926</td><td>0.2666126</td><td>0.3259948</td></tr>\n",
       "\t<tr><th scope=row>class 3: </th><td>0.3785107</td><td>0.1355748</td><td>0.4859145</td></tr>\n",
       "</tbody>\n",
       "</table>\n",
       "</dd>\n",
       "\t<dt>$discInterviewMH</dt>\n",
       "\t\t<dd><table>\n",
       "<thead><tr><th></th><th scope=col>Pr(1)</th><th scope=col>Pr(2)</th><th scope=col>Pr(3)</th></tr></thead>\n",
       "<tbody>\n",
       "\t<tr><th scope=row>class 1: </th><td>0.4972393</td><td>0.3744408</td><td>0.1283198</td></tr>\n",
       "\t<tr><th scope=row>class 2: </th><td>0.2927599</td><td>0.5932843</td><td>0.1139558</td></tr>\n",
       "\t<tr><th scope=row>class 3: </th><td>0.1203625</td><td>0.8646393</td><td>0.0149982</td></tr>\n",
       "</tbody>\n",
       "</table>\n",
       "</dd>\n",
       "\t<dt>$hurtCareerMH</dt>\n",
       "\t\t<dd><table>\n",
       "<thead><tr><th></th><th scope=col>Pr(1)</th><th scope=col>Pr(2)</th><th scope=col>Pr(3)</th><th scope=col>Pr(4)</th><th scope=col>Pr(5)</th></tr></thead>\n",
       "<tbody>\n",
       "\t<tr><th scope=row>class 1: </th><td>0.6114593 </td><td>0.19555924</td><td>0.1364758 </td><td>0.0170606 </td><td>0.03944510</td></tr>\n",
       "\t<tr><th scope=row>class 2: </th><td>0.5006443 </td><td>0.15112574</td><td>0.2307129 </td><td>0.0672854 </td><td>0.05023171</td></tr>\n",
       "\t<tr><th scope=row>class 3: </th><td>0.2248810 </td><td>0.01420586</td><td>0.6464563 </td><td>0.0000000 </td><td>0.11445682</td></tr>\n",
       "</tbody>\n",
       "</table>\n",
       "</dd>\n",
       "\t<dt>$teamNegMH</dt>\n",
       "\t\t<dd><table>\n",
       "<thead><tr><th></th><th scope=col>Pr(1)</th><th scope=col>Pr(2)</th><th scope=col>Pr(3)</th><th scope=col>Pr(4)</th><th scope=col>Pr(5)</th></tr></thead>\n",
       "<tbody>\n",
       "\t<tr><th scope=row>class 1: </th><td>0.43221804</td><td>0.4755573 </td><td>0.01166482</td><td>0.04068288</td><td>0.03987699</td></tr>\n",
       "\t<tr><th scope=row>class 2: </th><td>0.33044888</td><td>0.4424101 </td><td>0.01323665</td><td>0.12620811</td><td>0.08769622</td></tr>\n",
       "\t<tr><th scope=row>class 3: </th><td>0.09097513</td><td>0.3336360 </td><td>0.04393055</td><td>0.53145832</td><td>0.00000000</td></tr>\n",
       "</tbody>\n",
       "</table>\n",
       "</dd>\n",
       "\t<dt>$observeBadResponseMH</dt>\n",
       "\t\t<dd><table>\n",
       "<thead><tr><th></th><th scope=col>Pr(1)</th><th scope=col>Pr(2)</th><th scope=col>Pr(3)</th><th scope=col>Pr(4)</th><th scope=col>Pr(5)</th></tr></thead>\n",
       "<tbody>\n",
       "\t<tr><th scope=row>class 1: </th><td>0.6331397 </td><td>0.1765351 </td><td>0.04911156</td><td>0.08829899</td><td>0.05291461</td></tr>\n",
       "\t<tr><th scope=row>class 2: </th><td>0.4136173 </td><td>0.2591053 </td><td>0.10003185</td><td>0.20855550</td><td>0.01869000</td></tr>\n",
       "\t<tr><th scope=row>class 3: </th><td>0.3096622 </td><td>0.2904020 </td><td>0.13797805</td><td>0.21787135</td><td>0.04408636</td></tr>\n",
       "</tbody>\n",
       "</table>\n",
       "</dd>\n",
       "</dl>\n"
      ],
      "text/latex": [
       "\\begin{description}\n",
       "\\item[\\$empPrimTech] \\begin{tabular}{r|ll}\n",
       "  & Pr(1) & Pr(2)\\\\\n",
       "\\hline\n",
       "\tclass 1:  & 0.8326759 & 0.1673241\\\\\n",
       "\tclass 2:  & 0.7377377 & 0.2622623\\\\\n",
       "\tclass 3:  & 0.7130929 & 0.2869071\\\\\n",
       "\\end{tabular}\n",
       "\n",
       "\\item[\\$empProvideMHB] \\begin{tabular}{r|llll}\n",
       "  & Pr(1) & Pr(2) & Pr(3) & Pr(4)\\\\\n",
       "\\hline\n",
       "\tclass 1:  & 0.11821183 & 0.23372221 & 0.1785298  & 0.4695362 \\\\\n",
       "\tclass 2:  & 0.00000000 & 0.01786674 & 0.8763714  & 0.1057618 \\\\\n",
       "\tclass 3:  & 0.07393729 & 0.22693158 & 0.4002438  & 0.2988873 \\\\\n",
       "\\end{tabular}\n",
       "\n",
       "\\item[\\$knowMHB] \\begin{tabular}{r|llll}\n",
       "  & Pr(1) & Pr(2) & Pr(3) & Pr(4)\\\\\n",
       "\\hline\n",
       "\tclass 1:  &  2.115787e-01 & 0.04473108    & 0.3897978     & 0.3538925    \\\\\n",
       "\tclass 2:  & 1.642681e-248 & 0.59036228    & 0.2988006     & 0.1108372    \\\\\n",
       "\tclass 3:  &  1.051725e-01 & 0.23206103    & 0.2829146     & 0.3798519    \\\\\n",
       "\\end{tabular}\n",
       "\n",
       "\\item[\\$empDiscMH] \\begin{tabular}{r|lll}\n",
       "  & Pr(1) & Pr(2) & Pr(3)\\\\\n",
       "\\hline\n",
       "\tclass 1:  & 0.7657853  & 0.15226845 & 0.08194622\\\\\n",
       "\tclass 2:  & 0.3460927  & 0.48528289 & 0.16862442\\\\\n",
       "\tclass 3:  & 0.8650209  & 0.09253607 & 0.04244303\\\\\n",
       "\\end{tabular}\n",
       "\n",
       "\\item[\\$empResourceMH] \\begin{tabular}{r|lll}\n",
       "  & Pr(1) & Pr(2) & Pr(3)\\\\\n",
       "\\hline\n",
       "\tclass 1:  & 0.5035860  & 0.09985406 & 0.3965599 \\\\\n",
       "\tclass 2:  & 0.1607759  & 0.64055343 & 0.1986706 \\\\\n",
       "\tclass 3:  & 0.5859070  & 0.15603067 & 0.2580623 \\\\\n",
       "\\end{tabular}\n",
       "\n",
       "\\item[\\$anonProtected] \\begin{tabular}{r|lll}\n",
       "  & Pr(1) & Pr(2) & Pr(3)\\\\\n",
       "\\hline\n",
       "\tclass 1:  & 0.7628291  & 0.2030640  & 0.03410691\\\\\n",
       "\tclass 2:  & 0.3650789  & 0.6046528  & 0.03026833\\\\\n",
       "\tclass 3:  & 0.7319802  & 0.1459574  & 0.12206246\\\\\n",
       "\\end{tabular}\n",
       "\n",
       "\\item[\\$askLeaveDiff] \\begin{tabular}{r|llllll}\n",
       "  & Pr(1) & Pr(2) & Pr(3) & Pr(4) & Pr(5) & Pr(6)\\\\\n",
       "\\hline\n",
       "\tclass 1:  & 0.30287659  & 0.3666702   & 0.1528859   & 0.006259200 & 0.06455561  & 0.10675253 \\\\\n",
       "\tclass 2:  & 0.33895586  & 0.3374507   & 0.1049763   & 0.005638391 & 0.13190958  & 0.08106918 \\\\\n",
       "\tclass 3:  & 0.03563699  & 0.1241598   & 0.1351115   & 0.231864571 & 0.35583559  & 0.11739158 \\\\\n",
       "\\end{tabular}\n",
       "\n",
       "\\item[\\$negConsDiscMH] \\begin{tabular}{r|lll}\n",
       "  & Pr(1) & Pr(2) & Pr(3)\\\\\n",
       "\\hline\n",
       "\tclass 1:  & 0.71643270   & 0.2758187    & 7.748558e-03\\\\\n",
       "\tclass 2:  & 0.62765802   & 0.3723420    & 9.541312e-30\\\\\n",
       "\tclass 3:  & 0.02066952   & 0.5175586    & 4.617719e-01\\\\\n",
       "\\end{tabular}\n",
       "\n",
       "\\item[\\$negConsDiscPH] \\begin{tabular}{r|lll}\n",
       "  & Pr(1) & Pr(2) & Pr(3)\\\\\n",
       "\\hline\n",
       "\tclass 1:  & 0.9150021   & 0.08499789  & 0.000000000\\\\\n",
       "\tclass 2:  & 0.8859732   & 0.10734383  & 0.006683004\\\\\n",
       "\tclass 3:  & 0.4919367   & 0.42021697  & 0.087846315\\\\\n",
       "\\end{tabular}\n",
       "\n",
       "\\item[\\$coworkComfMHD] \\begin{tabular}{r|lll}\n",
       "  & Pr(1) & Pr(2) & Pr(3)\\\\\n",
       "\\hline\n",
       "\tclass 1:  & 0.5552197  & 0.3348592  & 0.10992109\\\\\n",
       "\tclass 2:  & 0.5169435  & 0.3897386  & 0.09331785\\\\\n",
       "\tclass 3:  & 0.2979890  & 0.0471279  & 0.65488314\\\\\n",
       "\\end{tabular}\n",
       "\n",
       "\\item[\\$superComfMHD] \\begin{tabular}{r|lll}\n",
       "  & Pr(1) & Pr(2) & Pr(3)\\\\\n",
       "\\hline\n",
       "\tclass 1:  & 0.51040846 & 0.4319540  & 0.05763752\\\\\n",
       "\tclass 2:  & 0.70026606 & 0.2808413  & 0.01889268\\\\\n",
       "\tclass 3:  & 0.08398004 & 0.3363231  & 0.57969689\\\\\n",
       "\\end{tabular}\n",
       "\n",
       "\\item[\\$empSeriousMH] \\begin{tabular}{r|lll}\n",
       "  & Pr(1) & Pr(2) & Pr(3)\\\\\n",
       "\\hline\n",
       "\tclass 1:  & 0.4998482  & 0.40723770 & 0.09291406\\\\\n",
       "\tclass 2:  & 0.2826013  & 0.57725215 & 0.14014659\\\\\n",
       "\tclass 3:  & 0.4839446  & 0.06896127 & 0.44709417\\\\\n",
       "\\end{tabular}\n",
       "\n",
       "\\item[\\$heardNegConsMH] \\begin{tabular}{r|ll}\n",
       "  & Pr(1) & Pr(2)\\\\\n",
       "\\hline\n",
       "\tclass 1:  & 0.9826497  & 0.01735028\\\\\n",
       "\tclass 2:  & 0.9124576  & 0.08754243\\\\\n",
       "\tclass 3:  & 0.8525703  & 0.14742974\\\\\n",
       "\\end{tabular}\n",
       "\n",
       "\\item[\\$discInterviewPH] \\begin{tabular}{r|lll}\n",
       "  & Pr(1) & Pr(2) & Pr(3)\\\\\n",
       "\\hline\n",
       "\tclass 1:  & 0.4581715 & 0.3592558 & 0.1825727\\\\\n",
       "\tclass 2:  & 0.4073926 & 0.2666126 & 0.3259948\\\\\n",
       "\tclass 3:  & 0.3785107 & 0.1355748 & 0.4859145\\\\\n",
       "\\end{tabular}\n",
       "\n",
       "\\item[\\$discInterviewMH] \\begin{tabular}{r|lll}\n",
       "  & Pr(1) & Pr(2) & Pr(3)\\\\\n",
       "\\hline\n",
       "\tclass 1:  & 0.4972393 & 0.3744408 & 0.1283198\\\\\n",
       "\tclass 2:  & 0.2927599 & 0.5932843 & 0.1139558\\\\\n",
       "\tclass 3:  & 0.1203625 & 0.8646393 & 0.0149982\\\\\n",
       "\\end{tabular}\n",
       "\n",
       "\\item[\\$hurtCareerMH] \\begin{tabular}{r|lllll}\n",
       "  & Pr(1) & Pr(2) & Pr(3) & Pr(4) & Pr(5)\\\\\n",
       "\\hline\n",
       "\tclass 1:  & 0.6114593  & 0.19555924 & 0.1364758  & 0.0170606  & 0.03944510\\\\\n",
       "\tclass 2:  & 0.5006443  & 0.15112574 & 0.2307129  & 0.0672854  & 0.05023171\\\\\n",
       "\tclass 3:  & 0.2248810  & 0.01420586 & 0.6464563  & 0.0000000  & 0.11445682\\\\\n",
       "\\end{tabular}\n",
       "\n",
       "\\item[\\$teamNegMH] \\begin{tabular}{r|lllll}\n",
       "  & Pr(1) & Pr(2) & Pr(3) & Pr(4) & Pr(5)\\\\\n",
       "\\hline\n",
       "\tclass 1:  & 0.43221804 & 0.4755573  & 0.01166482 & 0.04068288 & 0.03987699\\\\\n",
       "\tclass 2:  & 0.33044888 & 0.4424101  & 0.01323665 & 0.12620811 & 0.08769622\\\\\n",
       "\tclass 3:  & 0.09097513 & 0.3336360  & 0.04393055 & 0.53145832 & 0.00000000\\\\\n",
       "\\end{tabular}\n",
       "\n",
       "\\item[\\$observeBadResponseMH] \\begin{tabular}{r|lllll}\n",
       "  & Pr(1) & Pr(2) & Pr(3) & Pr(4) & Pr(5)\\\\\n",
       "\\hline\n",
       "\tclass 1:  & 0.6331397  & 0.1765351  & 0.04911156 & 0.08829899 & 0.05291461\\\\\n",
       "\tclass 2:  & 0.4136173  & 0.2591053  & 0.10003185 & 0.20855550 & 0.01869000\\\\\n",
       "\tclass 3:  & 0.3096622  & 0.2904020  & 0.13797805 & 0.21787135 & 0.04408636\\\\\n",
       "\\end{tabular}\n",
       "\n",
       "\\end{description}\n"
      ],
      "text/markdown": [
       "$empPrimTech\n",
       ":   \n",
       "| <!--/--> | Pr(1) | Pr(2) | \n",
       "|---|---|---|\n",
       "| class 1:  | 0.8326759 | 0.1673241 | \n",
       "| class 2:  | 0.7377377 | 0.2622623 | \n",
       "| class 3:  | 0.7130929 | 0.2869071 | \n",
       "\n",
       "\n",
       "\n",
       "$empProvideMHB\n",
       ":   \n",
       "| <!--/--> | Pr(1) | Pr(2) | Pr(3) | Pr(4) | \n",
       "|---|---|---|\n",
       "| class 1:  | 0.11821183 | 0.23372221 | 0.1785298  | 0.4695362  | \n",
       "| class 2:  | 0.00000000 | 0.01786674 | 0.8763714  | 0.1057618  | \n",
       "| class 3:  | 0.07393729 | 0.22693158 | 0.4002438  | 0.2988873  | \n",
       "\n",
       "\n",
       "\n",
       "$knowMHB\n",
       ":   \n",
       "| <!--/--> | Pr(1) | Pr(2) | Pr(3) | Pr(4) | \n",
       "|---|---|---|\n",
       "| class 1:  |  2.115787e-01 | 0.04473108    | 0.3897978     | 0.3538925     | \n",
       "| class 2:  | 1.642681e-248 | 0.59036228    | 0.2988006     | 0.1108372     | \n",
       "| class 3:  |  1.051725e-01 | 0.23206103    | 0.2829146     | 0.3798519     | \n",
       "\n",
       "\n",
       "\n",
       "$empDiscMH\n",
       ":   \n",
       "| <!--/--> | Pr(1) | Pr(2) | Pr(3) | \n",
       "|---|---|---|\n",
       "| class 1:  | 0.7657853  | 0.15226845 | 0.08194622 | \n",
       "| class 2:  | 0.3460927  | 0.48528289 | 0.16862442 | \n",
       "| class 3:  | 0.8650209  | 0.09253607 | 0.04244303 | \n",
       "\n",
       "\n",
       "\n",
       "$empResourceMH\n",
       ":   \n",
       "| <!--/--> | Pr(1) | Pr(2) | Pr(3) | \n",
       "|---|---|---|\n",
       "| class 1:  | 0.5035860  | 0.09985406 | 0.3965599  | \n",
       "| class 2:  | 0.1607759  | 0.64055343 | 0.1986706  | \n",
       "| class 3:  | 0.5859070  | 0.15603067 | 0.2580623  | \n",
       "\n",
       "\n",
       "\n",
       "$anonProtected\n",
       ":   \n",
       "| <!--/--> | Pr(1) | Pr(2) | Pr(3) | \n",
       "|---|---|---|\n",
       "| class 1:  | 0.7628291  | 0.2030640  | 0.03410691 | \n",
       "| class 2:  | 0.3650789  | 0.6046528  | 0.03026833 | \n",
       "| class 3:  | 0.7319802  | 0.1459574  | 0.12206246 | \n",
       "\n",
       "\n",
       "\n",
       "$askLeaveDiff\n",
       ":   \n",
       "| <!--/--> | Pr(1) | Pr(2) | Pr(3) | Pr(4) | Pr(5) | Pr(6) | \n",
       "|---|---|---|\n",
       "| class 1:  | 0.30287659  | 0.3666702   | 0.1528859   | 0.006259200 | 0.06455561  | 0.10675253  | \n",
       "| class 2:  | 0.33895586  | 0.3374507   | 0.1049763   | 0.005638391 | 0.13190958  | 0.08106918  | \n",
       "| class 3:  | 0.03563699  | 0.1241598   | 0.1351115   | 0.231864571 | 0.35583559  | 0.11739158  | \n",
       "\n",
       "\n",
       "\n",
       "$negConsDiscMH\n",
       ":   \n",
       "| <!--/--> | Pr(1) | Pr(2) | Pr(3) | \n",
       "|---|---|---|\n",
       "| class 1:  | 0.71643270   | 0.2758187    | 7.748558e-03 | \n",
       "| class 2:  | 0.62765802   | 0.3723420    | 9.541312e-30 | \n",
       "| class 3:  | 0.02066952   | 0.5175586    | 4.617719e-01 | \n",
       "\n",
       "\n",
       "\n",
       "$negConsDiscPH\n",
       ":   \n",
       "| <!--/--> | Pr(1) | Pr(2) | Pr(3) | \n",
       "|---|---|---|\n",
       "| class 1:  | 0.9150021   | 0.08499789  | 0.000000000 | \n",
       "| class 2:  | 0.8859732   | 0.10734383  | 0.006683004 | \n",
       "| class 3:  | 0.4919367   | 0.42021697  | 0.087846315 | \n",
       "\n",
       "\n",
       "\n",
       "$coworkComfMHD\n",
       ":   \n",
       "| <!--/--> | Pr(1) | Pr(2) | Pr(3) | \n",
       "|---|---|---|\n",
       "| class 1:  | 0.5552197  | 0.3348592  | 0.10992109 | \n",
       "| class 2:  | 0.5169435  | 0.3897386  | 0.09331785 | \n",
       "| class 3:  | 0.2979890  | 0.0471279  | 0.65488314 | \n",
       "\n",
       "\n",
       "\n",
       "$superComfMHD\n",
       ":   \n",
       "| <!--/--> | Pr(1) | Pr(2) | Pr(3) | \n",
       "|---|---|---|\n",
       "| class 1:  | 0.51040846 | 0.4319540  | 0.05763752 | \n",
       "| class 2:  | 0.70026606 | 0.2808413  | 0.01889268 | \n",
       "| class 3:  | 0.08398004 | 0.3363231  | 0.57969689 | \n",
       "\n",
       "\n",
       "\n",
       "$empSeriousMH\n",
       ":   \n",
       "| <!--/--> | Pr(1) | Pr(2) | Pr(3) | \n",
       "|---|---|---|\n",
       "| class 1:  | 0.4998482  | 0.40723770 | 0.09291406 | \n",
       "| class 2:  | 0.2826013  | 0.57725215 | 0.14014659 | \n",
       "| class 3:  | 0.4839446  | 0.06896127 | 0.44709417 | \n",
       "\n",
       "\n",
       "\n",
       "$heardNegConsMH\n",
       ":   \n",
       "| <!--/--> | Pr(1) | Pr(2) | \n",
       "|---|---|---|\n",
       "| class 1:  | 0.9826497  | 0.01735028 | \n",
       "| class 2:  | 0.9124576  | 0.08754243 | \n",
       "| class 3:  | 0.8525703  | 0.14742974 | \n",
       "\n",
       "\n",
       "\n",
       "$discInterviewPH\n",
       ":   \n",
       "| <!--/--> | Pr(1) | Pr(2) | Pr(3) | \n",
       "|---|---|---|\n",
       "| class 1:  | 0.4581715 | 0.3592558 | 0.1825727 | \n",
       "| class 2:  | 0.4073926 | 0.2666126 | 0.3259948 | \n",
       "| class 3:  | 0.3785107 | 0.1355748 | 0.4859145 | \n",
       "\n",
       "\n",
       "\n",
       "$discInterviewMH\n",
       ":   \n",
       "| <!--/--> | Pr(1) | Pr(2) | Pr(3) | \n",
       "|---|---|---|\n",
       "| class 1:  | 0.4972393 | 0.3744408 | 0.1283198 | \n",
       "| class 2:  | 0.2927599 | 0.5932843 | 0.1139558 | \n",
       "| class 3:  | 0.1203625 | 0.8646393 | 0.0149982 | \n",
       "\n",
       "\n",
       "\n",
       "$hurtCareerMH\n",
       ":   \n",
       "| <!--/--> | Pr(1) | Pr(2) | Pr(3) | Pr(4) | Pr(5) | \n",
       "|---|---|---|\n",
       "| class 1:  | 0.6114593  | 0.19555924 | 0.1364758  | 0.0170606  | 0.03944510 | \n",
       "| class 2:  | 0.5006443  | 0.15112574 | 0.2307129  | 0.0672854  | 0.05023171 | \n",
       "| class 3:  | 0.2248810  | 0.01420586 | 0.6464563  | 0.0000000  | 0.11445682 | \n",
       "\n",
       "\n",
       "\n",
       "$teamNegMH\n",
       ":   \n",
       "| <!--/--> | Pr(1) | Pr(2) | Pr(3) | Pr(4) | Pr(5) | \n",
       "|---|---|---|\n",
       "| class 1:  | 0.43221804 | 0.4755573  | 0.01166482 | 0.04068288 | 0.03987699 | \n",
       "| class 2:  | 0.33044888 | 0.4424101  | 0.01323665 | 0.12620811 | 0.08769622 | \n",
       "| class 3:  | 0.09097513 | 0.3336360  | 0.04393055 | 0.53145832 | 0.00000000 | \n",
       "\n",
       "\n",
       "\n",
       "$observeBadResponseMH\n",
       ":   \n",
       "| <!--/--> | Pr(1) | Pr(2) | Pr(3) | Pr(4) | Pr(5) | \n",
       "|---|---|---|\n",
       "| class 1:  | 0.6331397  | 0.1765351  | 0.04911156 | 0.08829899 | 0.05291461 | \n",
       "| class 2:  | 0.4136173  | 0.2591053  | 0.10003185 | 0.20855550 | 0.01869000 | \n",
       "| class 3:  | 0.3096622  | 0.2904020  | 0.13797805 | 0.21787135 | 0.04408636 | \n",
       "\n",
       "\n",
       "\n",
       "\n",
       "\n"
      ],
      "text/plain": [
       "$empPrimTech\n",
       "              Pr(1)     Pr(2)\n",
       "class 1:  0.8326759 0.1673241\n",
       "class 2:  0.7377377 0.2622623\n",
       "class 3:  0.7130929 0.2869071\n",
       "\n",
       "$empProvideMHB\n",
       "               Pr(1)      Pr(2)     Pr(3)     Pr(4)\n",
       "class 1:  0.11821183 0.23372221 0.1785298 0.4695362\n",
       "class 2:  0.00000000 0.01786674 0.8763714 0.1057618\n",
       "class 3:  0.07393729 0.22693158 0.4002438 0.2988873\n",
       "\n",
       "$knowMHB\n",
       "                  Pr(1)      Pr(2)     Pr(3)     Pr(4)\n",
       "class 1:   2.115787e-01 0.04473108 0.3897978 0.3538925\n",
       "class 2:  1.642681e-248 0.59036228 0.2988006 0.1108372\n",
       "class 3:   1.051725e-01 0.23206103 0.2829146 0.3798519\n",
       "\n",
       "$empDiscMH\n",
       "              Pr(1)      Pr(2)      Pr(3)\n",
       "class 1:  0.7657853 0.15226845 0.08194622\n",
       "class 2:  0.3460927 0.48528289 0.16862442\n",
       "class 3:  0.8650209 0.09253607 0.04244303\n",
       "\n",
       "$empResourceMH\n",
       "              Pr(1)      Pr(2)     Pr(3)\n",
       "class 1:  0.5035860 0.09985406 0.3965599\n",
       "class 2:  0.1607759 0.64055343 0.1986706\n",
       "class 3:  0.5859070 0.15603067 0.2580623\n",
       "\n",
       "$anonProtected\n",
       "              Pr(1)     Pr(2)      Pr(3)\n",
       "class 1:  0.7628291 0.2030640 0.03410691\n",
       "class 2:  0.3650789 0.6046528 0.03026833\n",
       "class 3:  0.7319802 0.1459574 0.12206246\n",
       "\n",
       "$askLeaveDiff\n",
       "               Pr(1)     Pr(2)     Pr(3)       Pr(4)      Pr(5)      Pr(6)\n",
       "class 1:  0.30287659 0.3666702 0.1528859 0.006259200 0.06455561 0.10675253\n",
       "class 2:  0.33895586 0.3374507 0.1049763 0.005638391 0.13190958 0.08106918\n",
       "class 3:  0.03563699 0.1241598 0.1351115 0.231864571 0.35583559 0.11739158\n",
       "\n",
       "$negConsDiscMH\n",
       "               Pr(1)     Pr(2)        Pr(3)\n",
       "class 1:  0.71643270 0.2758187 7.748558e-03\n",
       "class 2:  0.62765802 0.3723420 9.541312e-30\n",
       "class 3:  0.02066952 0.5175586 4.617719e-01\n",
       "\n",
       "$negConsDiscPH\n",
       "              Pr(1)      Pr(2)       Pr(3)\n",
       "class 1:  0.9150021 0.08499789 0.000000000\n",
       "class 2:  0.8859732 0.10734383 0.006683004\n",
       "class 3:  0.4919367 0.42021697 0.087846315\n",
       "\n",
       "$coworkComfMHD\n",
       "              Pr(1)     Pr(2)      Pr(3)\n",
       "class 1:  0.5552197 0.3348592 0.10992109\n",
       "class 2:  0.5169435 0.3897386 0.09331785\n",
       "class 3:  0.2979890 0.0471279 0.65488314\n",
       "\n",
       "$superComfMHD\n",
       "               Pr(1)     Pr(2)      Pr(3)\n",
       "class 1:  0.51040846 0.4319540 0.05763752\n",
       "class 2:  0.70026606 0.2808413 0.01889268\n",
       "class 3:  0.08398004 0.3363231 0.57969689\n",
       "\n",
       "$empSeriousMH\n",
       "              Pr(1)      Pr(2)      Pr(3)\n",
       "class 1:  0.4998482 0.40723770 0.09291406\n",
       "class 2:  0.2826013 0.57725215 0.14014659\n",
       "class 3:  0.4839446 0.06896127 0.44709417\n",
       "\n",
       "$heardNegConsMH\n",
       "              Pr(1)      Pr(2)\n",
       "class 1:  0.9826497 0.01735028\n",
       "class 2:  0.9124576 0.08754243\n",
       "class 3:  0.8525703 0.14742974\n",
       "\n",
       "$discInterviewPH\n",
       "              Pr(1)     Pr(2)     Pr(3)\n",
       "class 1:  0.4581715 0.3592558 0.1825727\n",
       "class 2:  0.4073926 0.2666126 0.3259948\n",
       "class 3:  0.3785107 0.1355748 0.4859145\n",
       "\n",
       "$discInterviewMH\n",
       "              Pr(1)     Pr(2)     Pr(3)\n",
       "class 1:  0.4972393 0.3744408 0.1283198\n",
       "class 2:  0.2927599 0.5932843 0.1139558\n",
       "class 3:  0.1203625 0.8646393 0.0149982\n",
       "\n",
       "$hurtCareerMH\n",
       "              Pr(1)      Pr(2)     Pr(3)     Pr(4)      Pr(5)\n",
       "class 1:  0.6114593 0.19555924 0.1364758 0.0170606 0.03944510\n",
       "class 2:  0.5006443 0.15112574 0.2307129 0.0672854 0.05023171\n",
       "class 3:  0.2248810 0.01420586 0.6464563 0.0000000 0.11445682\n",
       "\n",
       "$teamNegMH\n",
       "               Pr(1)     Pr(2)      Pr(3)      Pr(4)      Pr(5)\n",
       "class 1:  0.43221804 0.4755573 0.01166482 0.04068288 0.03987699\n",
       "class 2:  0.33044888 0.4424101 0.01323665 0.12620811 0.08769622\n",
       "class 3:  0.09097513 0.3336360 0.04393055 0.53145832 0.00000000\n",
       "\n",
       "$observeBadResponseMH\n",
       "              Pr(1)     Pr(2)      Pr(3)      Pr(4)      Pr(5)\n",
       "class 1:  0.6331397 0.1765351 0.04911156 0.08829899 0.05291461\n",
       "class 2:  0.4136173 0.2591053 0.10003185 0.20855550 0.01869000\n",
       "class 3:  0.3096622 0.2904020 0.13797805 0.21787135 0.04408636\n"
      ]
     },
     "metadata": {},
     "output_type": "display_data"
    }
   ],
   "source": [
    "finalMod.lcm$probs"
   ]
  },
  {
   "cell_type": "markdown",
   "metadata": {},
   "source": [
    "We see interesting results from the following tables:\n",
    "\n",
    "* ```empProvideMHB```\n",
    "\n",
    "* ```knowMHB```\n",
    "\n",
    "* ```empDiscMH```\n",
    "\n",
    "* ```anonProtected```\n",
    "\n",
    "* ```askLeaveDiff```\n",
    "\n",
    "* ```negConsDiscMH```\n",
    "\n",
    "* ```negConsDiscPH```\n",
    "\n",
    "* ```coworkComfMHD```\n",
    "\n",
    "* ```superComfMHD```\n",
    "\n",
    "* ```discInterviewMH```\n",
    "\n",
    "* ```hurtCareerMH```\n",
    "\n",
    "* ```teamNegMH```\n",
    "\n",
    "* ```observeBadResponseMH```"
   ]
  },
  {
   "cell_type": "code",
   "execution_count": 45,
   "metadata": {
    "collapsed": false,
    "scrolled": false
   },
   "outputs": [
    {
     "data": {
      "text/html": [
       "<table>\n",
       "<thead><tr><th></th><th scope=col>Not eligible for coverage / N/A</th><th scope=col>No</th><th scope=col>Yes</th><th scope=col>I don't know</th></tr></thead>\n",
       "<tbody>\n",
       "\t<tr><th scope=row>class 1: </th><td>0.11821183</td><td>0.23372221</td><td>0.1785298 </td><td>0.4695362 </td></tr>\n",
       "\t<tr><th scope=row>class 2: </th><td>0.00000000</td><td>0.01786674</td><td>0.8763714 </td><td>0.1057618 </td></tr>\n",
       "\t<tr><th scope=row>class 3: </th><td>0.07393729</td><td>0.22693158</td><td>0.4002438 </td><td>0.2988873 </td></tr>\n",
       "</tbody>\n",
       "</table>\n"
      ],
      "text/latex": [
       "\\begin{tabular}{r|llll}\n",
       "  & Not eligible for coverage / N/A & No & Yes & I don't know\\\\\n",
       "\\hline\n",
       "\tclass 1:  & 0.11821183 & 0.23372221 & 0.1785298  & 0.4695362 \\\\\n",
       "\tclass 2:  & 0.00000000 & 0.01786674 & 0.8763714  & 0.1057618 \\\\\n",
       "\tclass 3:  & 0.07393729 & 0.22693158 & 0.4002438  & 0.2988873 \\\\\n",
       "\\end{tabular}\n"
      ],
      "text/markdown": [
       "\n",
       "| <!--/--> | Not eligible for coverage / N/A | No | Yes | I don't know | \n",
       "|---|---|---|\n",
       "| class 1:  | 0.11821183 | 0.23372221 | 0.1785298  | 0.4695362  | \n",
       "| class 2:  | 0.00000000 | 0.01786674 | 0.8763714  | 0.1057618  | \n",
       "| class 3:  | 0.07393729 | 0.22693158 | 0.4002438  | 0.2988873  | \n",
       "\n",
       "\n"
      ],
      "text/plain": [
       "          Not eligible for coverage / N/A No         Yes       I don't know\n",
       "class 1:  0.11821183                      0.23372221 0.1785298 0.4695362   \n",
       "class 2:  0.00000000                      0.01786674 0.8763714 0.1057618   \n",
       "class 3:  0.07393729                      0.22693158 0.4002438 0.2988873   "
      ]
     },
     "metadata": {},
     "output_type": "display_data"
    }
   ],
   "source": [
    "displayTable(finalMod.lcm,\"empProvideMHB\")"
   ]
  },
  {
   "cell_type": "markdown",
   "metadata": {},
   "source": [
    "_Table 2: Conditional Probabilities on Answers to the question \"Does your employer provide mental health benefits as part of healthcare coverage?\" ._\n",
    "\n",
    "We see a start effect beginning to occur in these classes. It is apparent that Class $2$ has a higher chance of having mental health coverage than classes $1$ and $3$. However, For Class $1$, this is because of an uncertainty about available coverage (\"I don't know\"), while this is more evenly distributed across outcomes for class $3$. This to some extent suggests that we have a class that has good coverage, and two classes that either primarily don't or are uncertain about available coverage."
   ]
  },
  {
   "cell_type": "code",
   "execution_count": 46,
   "metadata": {
    "collapsed": false
   },
   "outputs": [
    {
     "data": {
      "text/html": [
       "<table>\n",
       "<thead><tr><th></th><th scope=col>N/A</th><th scope=col>Yes</th><th scope=col>I am not sure</th><th scope=col>No</th></tr></thead>\n",
       "<tbody>\n",
       "\t<tr><th scope=row>class 1: </th><td> 2.115787e-01</td><td>0.04473108   </td><td>0.3897978    </td><td>0.3538925    </td></tr>\n",
       "\t<tr><th scope=row>class 2: </th><td>1.642681e-248</td><td>0.59036228   </td><td>0.2988006    </td><td>0.1108372    </td></tr>\n",
       "\t<tr><th scope=row>class 3: </th><td> 1.051725e-01</td><td>0.23206103   </td><td>0.2829146    </td><td>0.3798519    </td></tr>\n",
       "</tbody>\n",
       "</table>\n"
      ],
      "text/latex": [
       "\\begin{tabular}{r|llll}\n",
       "  & N/A & Yes & I am not sure & No\\\\\n",
       "\\hline\n",
       "\tclass 1:  &  2.115787e-01 & 0.04473108    & 0.3897978     & 0.3538925    \\\\\n",
       "\tclass 2:  & 1.642681e-248 & 0.59036228    & 0.2988006     & 0.1108372    \\\\\n",
       "\tclass 3:  &  1.051725e-01 & 0.23206103    & 0.2829146     & 0.3798519    \\\\\n",
       "\\end{tabular}\n"
      ],
      "text/markdown": [
       "\n",
       "| <!--/--> | N/A | Yes | I am not sure | No | \n",
       "|---|---|---|\n",
       "| class 1:  |  2.115787e-01 | 0.04473108    | 0.3897978     | 0.3538925     | \n",
       "| class 2:  | 1.642681e-248 | 0.59036228    | 0.2988006     | 0.1108372     | \n",
       "| class 3:  |  1.051725e-01 | 0.23206103    | 0.2829146     | 0.3798519     | \n",
       "\n",
       "\n"
      ],
      "text/plain": [
       "          N/A           Yes        I am not sure No       \n",
       "class 1:   2.115787e-01 0.04473108 0.3897978     0.3538925\n",
       "class 2:  1.642681e-248 0.59036228 0.2988006     0.1108372\n",
       "class 3:   1.051725e-01 0.23206103 0.2829146     0.3798519"
      ]
     },
     "metadata": {},
